0.723856
0.811456
0.708228
0.276115
0.821193
0.398082
0.711387
0.398673
0.560748
0.883460
0.375830
0.246078
0.113992
0.770309
0.986277
0.750101
0.939429
0.105917
0.835517
0.196886
0.234359
0.227672
0.726641
0.357137
0.931529
0.396705
0.545625
0.791282
0.587462
0.718855
0.159280
0.694136
0.840927
0.253827
0.997964
0.954884
0.515249
0.409602
0.839131
0.869885
0.221718
0.640271
0.483388
0.724785
0.304497
0.878947
0.495604
0.250890
0.879482
0.839630
0.471314
0.907882
0.459178
0.690249
0.770086
0.941324
0.836624
0.804979
0.958951
0.578328
0.517050
0.756351
0.452587
0.498153
0.894284
0.394351
0.935411
0.641101
0.628531
0.972972
0.658778
0.798974
0.838130
0.643948
0.723856
0.665536
0.542410
0.924989
0.422642
0.239406
0.221266
0.914005
0.506056
0.348113
0.889532
0.922693
0.330966
0.928158
0.052006
0.435501
0.122323
0.163877
0.639322
0.788007
0.798650
0.873270
0.605348
0.757258
0.797356
0.214624
0.361104
0.423356
0.996911
0.703070
0.425708
0.953074
0.214120
0.828305
0.297312
0.665180
0.692841
0.874722
0.386566
0.427246
0.458858
0.909764
0.167141
0.304661
0.210182
0.404513
0.078284
0.995538
0.094544
0.783619
0.193555
0.965232
0.834407
0.974399
0.967522
0.929544
0.540347
0.463992
0.419487
0.531780
0.831467
0.902208
0.550459
0.455451
0.040476
0.874088
0.763017
0.364261
0.964998
0.854924
0.731734
0.972771
0.381558
0.643948
0.970788
0.795842
0.309716
0.595334
0.232001
0.834305
0.760311
0.365099
0.962995
0.475540
0.220878
0.829225
0.319919
0.677613
0.468185
0.122323
0.500929
0.313820
0.185568
0.355851
0.622016
0.918146
0.959412
0.836121
0.176182
0.052557
0.423458
0.939620
0.536457
0.780532
0.300562
0.634459
0.242307
0.900826
0.555192
0.532007
0.778763
0.235307
0.104090
0.146455
0.902936
0.611724
0.765828
0.989914
0.817130
0.621305
0.329745
0.114140
0.651186
0.800803
0.711270
0.534059
0.260878
0.244257
0.284722
0.802305
0.254691
0.653321
0.170615
0.945681
0.664350
0.627228
0.197770
0.194020
0.732658
0.584414
0.271998
0.788554
0.868317
0.713490
0.558199
0.868964
0.133582
0.216396
0.970788
0.840429
0.977727
0.447835
0.888415
0.655101
0.387244
0.795409
0.173036
0.665417
0.747819
0.766614
0.979132
0.904545
0.550344
0.739686
0.908982
0.318642
0.853093
0.902936
0.549537
0.486456
0.350377
0.640271
0.065639
0.898694
0.452799
0.504828
0.686238
0.737846
0.901640
0.920875
0.989066
0.147193
0.794542
0.467323
0.976563
0.903823
0.121185
0.832888
0.673945
0.906697
0.993302
0.262056
0.639203
0.463992
0.736119
0.403122
0.853865
0.987461
0.849111
0.972364
0.538286
0.074569
0.690720
0.222107
0.189242
0.877516
0.773767
0.677495
0.631494
0.653915
0.967702
0.903017
0.935674
0.516712
0.919110
0.718738
0.831264
0.776768
0.967970
0.358425
0.984543
0.216396
0.900826
0.619411
0.697431
0.477061
0.756805
0.759068
0.219590
0.813038
0.912320
0.945078
0.857987
0.889532
0.378592
0.514012
0.987783
0.167656
0.799297
0.480001
0.797248
0.604168
0.022067
0.437890
0.247980
0.823161
0.868779
0.496601
0.795518
0.916877
0.860647
0.499818
0.918072
0.898530
0.982026
0.917997
0.597569
0.118975
0.790083
0.350015
0.310217
0.783509
0.911549
0.769974
0.921386
0.715591
0.667313
0.744503
0.782407
0.859224
0.653796
0.086303
0.300481
0.797140
0.969159
0.398870
0.477931
0.809975
0.281442
0.877695
0.317198
0.407901
0.961525
0.853768
0.589340
0.990258
0.395527
0.879660
0.923702
0.402527
0.838931
0.310300
0.220040
0.411407
0.455026
0.248263
0.900826
0.663402
0.941136
0.025144
0.763805
0.769079
0.271998
0.977439
0.885123
0.168172
0.723507
0.394155
0.475648
0.777655
0.960577
0.918740
0.931529
0.986618
0.979372
0.207344
0.133667
0.225105
0.749987
0.555307
0.422438
0.867947
0.181236
0.944045
0.932814
0.844398
0.909998
0.866463
0.634340
0.418573
0.780974
0.291525
0.638017
0.688598
0.324203
0.734735
0.948756
0.929337
0.812616
0.402329
0.324634
0.484811
0.950828
0.997881
0.218628
0.925131
0.702483
0.587110
0.703539
0.010217
0.436850
0.448467
0.511990
0.668735
0.687064
0.753514
0.637542
0.928922
0.684467
0.958124
0.908904
0.714658
0.885471
0.543672
0.095364
0.582657
0.900090
0.166013
0.495051
0.248263
0.995835
0.960376
0.338889
0.489424
0.510532
0.784278
0.898777
0.912628
0.961078
0.728495
0.758842
0.489424
0.179157
0.872268
0.878769
0.292644
0.941011
0.820985
0.835517
0.871902
0.510980
0.938276
0.344691
0.317622
0.628531
0.880460
0.922838
0.968897
0.697314
0.789428
0.582422
0.840827
0.472721
0.687536
0.902208
0.200085
0.547580
0.706939
0.925486
0.679741
0.993661
0.634933
0.879393
0.505609
0.617873
0.278345
0.578445
0.268753
0.988719
0.596628
0.533147
0.627228
0.769191
0.680805
0.952015
0.612670
0.177908
0.783729
0.821401
0.347662
0.301706
0.978119
0.953957
0.995908
0.621897
0.291286
0.748390
0.418675
0.872450
0.558894
0.430228
0.716757
0.977222
0.969506
0.996356
0.117750
0.876977
0.088146
0.997568
0.684940
0.049099
0.330878
0.748618
0.373082
0.481092
0.416547
0.618701
0.719554
0.518516
0.875717
0.375925
0.572957
0.556695
0.544936
0.306974
0.320090
0.803911
0.078125
0.501708
0.426221
0.896791
0.770198
0.735081
0.672998
0.487554
0.082637
0.940759
0.753401
0.790083
0.987486
0.116498
0.907014
0.618820
0.980115
0.039301
0.524622
0.806471
0.726293
0.868132
0.036263
0.505721
0.838030
0.391031
0.985385
0.777655
0.845778
0.808810
0.661031
0.708696
0.500485
0.391615
0.320944
0.796816
0.670748
0.880903
0.129058
0.467108
0.922404
0.809022
0.897786
0.831162
0.986696
0.974438
0.924846
0.791609
0.988742
0.903259
0.969506
0.960225
0.849599
0.694725
0.288346
0.589575
0.324806
0.575524
0.772988
0.316267
0.848036
0.995835
0.879571
0.934152
0.990531
0.668616
0.160022
0.164637
0.012840
0.700017
0.946756
0.689541
0.626161
0.836423
0.553459
0.757597
0.942198
0.930300
0.906618
0.935081
0.360178
0.158836
0.152396
0.565623
0.052060
0.587932
0.989316
0.682932
0.679032
0.839131
0.858273
0.850183
0.817757
0.722578
0.836121
0.791064
0.995651
0.397786
0.809975
0.665891
0.801232
0.841226
0.870436
0.842914
0.537486
0.608417
0.951508
0.590279
0.349289
0.029571
0.975817
0.600043
0.964668
0.914310
0.243002
0.627939
0.511878
0.967657
0.534744
0.857319
0.700135
0.256572
0.355760
0.780532
0.969289
0.960225
0.933015
0.846663
0.336057
0.289933
0.414426
0.819113
0.275808
0.088827
0.710451
0.438827
0.916351
0.888071
0.823678
0.946578
0.739226
0.656524
0.791282
0.929406
0.878679
0.817653
0.199073
0.542296
0.697784
0.154839
0.394644
0.596863
0.131219
0.492841
0.937825
0.354661
0.592394
0.982338
0.993049
0.346219
0.729537
0.999716
0.310384
0.661268
0.213177
0.397589
0.749759
0.875987
0.155419
0.807642
0.516037
0.550805
0.914689
0.611724
0.577743
0.723043
0.685176
0.850086
0.171822
0.865718
0.768072
0.793674
0.173406
0.971665
0.966343
0.806045
0.750101
0.235987
0.773211
0.566669
0.135636
0.179157
0.820882
0.659608
0.652372
0.945500
0.706939
0.978611
0.974438
0.516487
0.192108
0.648813
0.853286
0.956812
0.430125
0.848329
0.474346
0.881434
0.720019
0.851835
0.930711
0.779537
0.911472
0.943002
0.364913
0.879125
0.944957
0.788226
0.914689
0.357781
0.150645
0.932139
0.505721
0.709164
0.281909
0.881169
0.970492
0.297960
0.841424
0.321713
0.808385
0.628768
0.726409
0.804765
0.199311
0.984600
0.966159
0.414931
0.859699
0.423663
0.987235
0.535657
0.609480
0.493503
0.932477
0.871170
0.238170
0.893358
0.046112
0.787679
0.342362
0.898199
0.671104
0.414225
0.553112
0.556001
0.840827
0.907646
0.870253
0.527799
0.414023
0.344152
0.714541
0.664232
0.734505
0.913776
0.227672
0.036672
0.247274
0.309800
0.940507
0.688480
0.422948
0.516487
0.685884
0.934882
0.612079
0.140135
0.805939
0.266432
0.525529
0.898282
0.445416
0.600867
0.077386
0.864410
0.707876
0.232673
0.753628
0.505609
0.689777
0.655931
0.586055
0.515812
0.988648
0.172930
0.753173
0.450049
0.041194
0.785597
0.804018
0.730462
0.415739
0.763017
0.463563
0.357781
0.955693
0.614206
0.875807
0.417458
0.972690
0.262498
0.788773
0.723624
0.636712
0.510083
0.664706
0.242099
0.935213
0.772207
0.933952
0.808916
0.448678
0.880371
0.956015
0.764930
0.800265
0.539545
0.817235
0.787022
0.493172
0.330355
0.703774
0.374217
0.297960
0.756238
0.328962
0.720601
0.799297
0.999691
0.357688
0.662809
0.586407
0.823781
0.724785
0.714541
0.422948
0.060742
0.901721
0.670038
0.809764
0.360363
0.334295
0.140712
0.945380
0.932948
0.815245
0.626754
0.845680
0.273746
0.036145
0.176074
0.558431
0.721532
0.278653
0.985522
0.803162
0.840528
0.516600
0.532121
0.408501
0.592159
0.006930
0.949452
0.550690
0.038240
0.836926
0.397885
0.947349
0.854154
0.433636
0.898777
0.762792
0.759520
0.625450
0.604640
0.670275
0.867206
0.879927
0.090506
0.279968
0.330704
0.799942
0.207160
0.477822
0.682932
0.438202
0.972892
0.873452
0.569578
0.931325
0.613852
0.881523
0.088768
0.259266
0.959105
0.982983
0.721299
0.644423
0.530755
0.586407
0.736003
0.879660
0.447414
0.068951
0.573773
0.704595
0.779537
0.596510
0.866834
0.789537
0.060742
0.997352
0.435501
0.706939
0.304414
0.914233
0.722927
0.857797
0.909842
0.802412
0.951902
0.597805
0.760988
0.534744
0.445101
0.915371
0.152111
0.421114
0.517501
0.858368
0.469694
0.573423
0.710802
0.452693
0.155564
0.413620
0.784388
0.263089
0.469586
0.616927
0.777988
0.816398
0.593569
0.833800
0.367435
0.715708
0.509747
0.910231
0.820674
0.515812
0.176612
0.844299
0.154021
0.141738
0.465925
0.446993
0.653915
0.394155
0.319493
0.427041
0.243420
0.818488
0.962313
0.244676
0.275196
0.684349
0.437994
0.658303
0.421012
0.633866
0.867020
0.635763
0.438723
0.689777
0.916050
0.058746
0.305074
0.169780
0.198658
0.932544
0.262572
0.435501
0.500040
0.789537
0.052171
0.061506
0.162416
0.015674
0.244956
0.346760
0.797032
0.026005
0.923414
0.679032
0.750328
0.626043
0.829837
0.962166
0.278036
0.680687
0.951564
0.004668
0.864691
0.153494
0.960878
0.639915
0.992703
0.969980
0.368279
0.474888
0.481202
0.247204
0.066094
0.445836
0.110159
0.577042
0.394644
0.029778
0.880460
0.275962
0.336763
0.122283
0.541034
0.356402
0.194660
0.662098
0.226419
0.957392
0.742785
0.542984
0.695902
0.448678
0.434050
0.131681
0.353838
0.306147
0.577393
0.805512
0.567018
0.037300
0.091082
0.058481
0.971166
0.467000
0.842815
0.317537
0.198895
0.914841
0.109800
0.072959
0.469802
0.389571
0.197004
0.475323
0.188957
0.785597
0.950085
0.792805
0.052171
0.389863
0.254763
0.132143
0.233616
0.174203
0.423663
0.743587
0.321286
0.525189
0.628057
0.549653
0.812722
0.820258
0.594863
0.426528
0.932342
0.125389
0.332715
0.678559
0.743816
0.983701
0.213868
0.831365
0.586407
0.589692
0.700370
0.185232
0.392200
0.020809
0.763918
0.968457
0.391128
0.595216
0.784828
0.671459
0.212989
0.711504
0.818488
0.823678
0.424787
0.117940
0.164282
0.661742
0.352014
0.228467
0.823471
0.754082
0.966845
0.363237
0.699195
0.961871
0.683995
0.418370
0.682459
0.983701
0.355485
0.208759
0.154694
0.766053
0.447308
0.907172
0.257661
0.374217
0.634577
0.896791
0.398476
0.441540
0.824813
0.186974
0.399363
0.766390
0.688716
0.792805
0.539774
0.867669
0.592159
0.193265
0.790410
0.683877
0.780753
0.578094
0.457685
0.568181
0.826254
0.198007
0.052465
0.865158
0.437266
0.019110
0.290330
0.185176
0.910076
0.298122
0.377257
0.967836
0.231398
0.489093
0.890131
0.328006
0.392981
0.753969
0.909295
0.009029
0.350559
0.700840
0.154935
0.115933
0.840927
0.894956
0.680687
0.064516
0.013230
0.565042
0.974321
0.740719
0.601810
0.231733
0.914386
0.131597
0.293926
0.293124
0.804552
0.817130
0.953351
0.071331
0.351832
0.080217
0.853575
0.872268
0.325755
0.145172
0.066185
0.199668
0.949970
0.300481
0.052873
0.438098
0.014076
0.830143
0.531210
0.989584
0.011519
0.369969
0.460245
0.025491
0.186636
0.113843
0.539774
0.490084
0.975209
0.254331
0.588753
0.907330
0.614798
0.841524
0.500262
0.297312
0.982861
0.116422
0.631613
0.954012
0.983731
0.414225
0.082109
0.420300
0.910853
0.808279
0.189299
0.772765
0.082359
0.881080
0.240301
0.731040
0.023748
0.829021
0.636356
0.341826
0.371476
0.439557
0.947703
0.763355
0.460459
0.940633
0.266805
0.589457
0.893864
0.889618
0.459071
0.572374
0.954340
0.067939
0.042164
0.243002
0.938726
0.260218
0.094764
0.027425
0.066139
0.511878
0.313399
0.357137
0.747819
0.927530
0.187143
0.329397
0.647745
0.263089
0.469263
0.622016
0.098512
0.386663
0.466462
0.861969
0.265835
0.622726
0.129803
0.606882
0.140846
0.518967
0.661149
0.111025
0.477822
0.111133
0.112775
0.652965
0.712555
0.428890
0.438723
0.517614
0.690013
0.675128
0.560052
0.692134
0.827690
0.189641
0.091052
0.665773
0.087557
0.700370
0.357229
0.306726
0.538286
0.350468
0.323257
0.817444
0.349199
0.195536
0.326274
0.332453
0.638728
0.620832
0.727800
0.530869
0.003294
0.740030
0.853382
0.620477
0.184840
0.262424
0.952462
0.578445
0.211738
0.157559
0.946160
0.822540
0.756011
0.605112
0.720368
0.645016
0.149004
0.420706
0.103885
0.892429
0.500040
0.476409
0.614561
0.006875
0.227078
0.537829
0.491406
0.999774
0.824916
0.870345
0.151495
0.974593
0.133922
0.051242
0.327226
0.073861
0.438515
0.934949
0.002626
0.629835
0.143085
0.676785
0.477822
0.430640
0.454071
0.524169
0.669682
0.454283
0.700840
0.142635
0.726757
0.641931
0.224582
0.178558
0.172243
0.795409
0.747476
0.960225
0.869885
0.931053
0.101384
0.653559
0.611370
0.436746
0.698607
0.271392
0.661031
0.701662
0.402428
0.238650
0.576458
0.925060
0.723043
0.941949
0.943678
0.776768
0.369875
0.728147
0.375071
0.356677
0.961078
0.399758
0.796708
0.599689
0.293525
0.118284
0.026451
0.099857
0.338623
0.886514
0.543902
0.630783
0.648932
0.499263
0.393959
0.409001
0.474238
0.652728
0.307140
0.619056
0.187313
0.711153
0.307969
0.087528
0.590162
0.104021
0.335792
0.838931
0.459605
0.775769
0.235104
0.295052
0.427862
0.443319
0.667076
0.676785
