0.190502
0.102379
0.361366
0.171796
0.391279
0.289799
0.539527
0.398511
0.250593
0.359576
0.311881
0.795420
0.999005
0.666054
0.839812
0.115253
0.327512
0.573372
0.775184
0.515510
0.478848
0.500338
0.777291
0.748565
0.590199
0.906153
0.485861
0.077809
0.136794
0.676339
0.948576
0.371088
0.437281
0.914287
0.325116
0.931140
0.319348
0.992910
0.918448
0.358220
0.806546
0.315337
0.854126
0.755304
0.699565
0.485136
0.804491
0.707510
0.779500
0.350616
0.655200
0.024446
0.546164
0.220058
0.540111
0.862147
0.824232
0.013006
0.049175
0.054175
0.019243
0.490137
0.636278
0.029387
0.042683
0.024549
0.746209
0.735511
0.347812
0.663811
0.336666
0.379307
0.000000
0.000000
0.000000
0.000000
0.000000
0.000000
0.000000
0.000000
