0.000000
0.000000
0.000000
0.000000
0.000000
0.000000
0.000000
0.000000
0.000513
0.208171
0.167482
0.948690
0.118623
0.322613
0.998486
0.958620
0.000000
0.000000
0.000000
0.000000
0.000000
0.000000
0.000000
0.000000
0.000000
0.000000
0.000000
0.000000
0.000000
0.000000
0.000000
0.000000
0.000000
0.000000
0.000000
0.000000
0.000000
0.000000
0.000000
0.000000
0.000000
0.000000
0.000000
0.000000
0.000000
0.000000
0.000000
0.000000
0.365287
0.005390
0.336380
0.064021
0.409870
0.131128
0.884302
0.245216
0.093146
0.183386
0.617613
0.281372
0.046783
0.164504
0.162668
0.151102
0.000000
0.000000
0.000000
0.000000
0.000000
0.000000
0.000000
0.000000
0.858189
0.084392
0.143731
0.007402
0.035586
0.585665
0.877363
0.975981
