0.000000
0.000000
0.000000
0.000000
0.000000
0.000000
0.000000
0.000000
0.337395
0.404804
0.593673
0.885213
0.342146
0.461208
0.871797
0.814520
0.406741
0.086134
0.261909
0.248791
0.991233
0.743818
0.994531
0.814658
0.618191
0.960975
0.052920
0.575992
0.564385
0.252175
0.055357
0.939322
0.420466
0.508177
0.199601
0.235806
0.818110
0.888615
0.782220
0.724881
0.000000
0.000000
0.000000
0.000000
0.000000
0.000000
0.000000
0.000000
0.000000
0.000000
0.000000
0.000000
0.000000
0.000000
0.000000
0.000000
0.341460
0.121718
0.846923
0.314882
0.287108
0.770136
0.467631
0.700217
0.000918
0.007274
0.099824
0.358165
0.578132
0.455704
0.707567
0.898174
0.501507
0.785576
0.589977
0.290074
0.281952
0.171177
0.335744
0.293197
