0.757824
0.938726
0.757258
0.808704
0.670748
0.813985
0.773656
0.447940
0.877785
0.940191
0.976489
0.857606
0.774880
0.917923
0.898941
0.333856
0.812616
0.775213
0.058501
0.949279
0.683523
0.656406
0.930369
0.721415
0.555423
0.734505
0.921459
0.888931
0.993772
0.918814
0.369311
0.769415
0.610306
0.304497
0.877067
0.188332
0.662335
0.976784
0.646559
0.901233
0.109979
0.575174
0.260218
0.542754
0.752378
0.641576
0.956388
0.226221
0.686120
0.321029
0.832178
0.613615
0.325582
0.805939
0.848134
0.951564
0.750214
0.937177
0.859699
0.004476
0.687182
0.285350
0.868502
0.222756
0.895959
0.452799
0.536000
0.856746
0.569112
0.673116
0.623437
0.777766
0.646915
0.858178
0.757824
0.966205
0.266880
0.987159
0.344511
0.906221
0.809658
0.797248
0.913088
0.930916
0.184672
0.800803
0.765491
0.834407
0.532919
0.611606
0.881169
0.839830
0.993417
0.427246
0.858559
0.948465
0.591806
0.907646
0.971707
0.479129
0.541264
0.487115
0.630072
0.998259
0.737846
0.627820
0.945199
0.986277
0.835012
0.762341
0.520548
0.954012
0.937696
0.524055
0.382518
0.587228
0.630190
0.913700
0.990065
0.700135
0.777101
0.285507
0.640271
0.919110
0.086187
0.780642
0.769079
0.883811
0.986980
0.787460
0.497044
0.907014
0.944776
0.883899
0.288188
0.356585
0.890729
0.918443
0.884161
0.638847
0.739226
0.649643
0.982861
0.933351
0.388019
0.444262
0.260952
0.858178
0.353381
0.231465
0.698254
0.920436
0.328614
0.283391
0.927879
0.975817
0.779869
0.841723
0.695431
0.622608
0.663995
0.933618
0.528139
0.643474
0.902046
0.335264
0.809975
0.443423
0.177205
0.537486
0.418168
0.908904
0.611724
0.606056
0.831060
0.887639
0.960326
0.694725
0.675483
0.990759
0.951958
0.570160
0.738306
0.801017
0.849599
0.964951
0.890729
0.260585
0.650118
0.818279
0.226814
0.521565
0.139781
0.216778
0.591924
0.251890
0.766951
0.417560
0.790301
0.791935
0.369217
0.716291
0.806152
0.621305
0.947053
0.203446
0.344152
0.513450
0.612906
0.593805
0.984342
0.546085
0.939684
0.170668
0.294408
0.692605
0.440600
0.412815
0.586758
0.833699
0.699900
0.656287
0.353381
0.790192
0.608063
0.989495
0.997397
0.321542
0.982369
0.232606
0.961476
0.974204
0.878232
0.565274
0.534059
0.648932
0.513337
0.476300
0.917251
0.986277
0.231331
0.971955
0.834911
0.896459
0.267404
0.945139
0.935608
0.787788
0.993597
0.863942
0.864036
0.734159
0.166781
0.203446
0.901396
0.890899
0.856841
0.361474
0.959002
0.893190
0.990882
0.557505
0.860268
0.668498
0.683641
0.861780
0.591454
0.697549
0.546085
0.685176
0.803162
0.744503
0.922331
0.942755
0.214183
0.674418
0.300236
0.834508
0.780311
0.881876
0.958848
0.866090
0.777323
0.651423
0.502153
0.590279
0.819634
0.894956
0.658422
0.947585
0.959769
0.954992
0.181181
0.738881
0.308468
0.656287
0.593099
0.595451
0.429301
0.803055
0.062430
0.823058
0.382999
0.660438
0.516600
0.664824
0.815665
0.750556
0.916050
0.812827
0.882141
0.929957
0.598629
0.665180
0.852028
0.613852
0.607708
0.920948
0.753855
0.980972
0.315337
0.894536
0.967836
0.548156
0.843013
0.509411
0.590632
0.831264
0.228069
0.782407
0.751581
0.421725
0.843607
0.995823
0.763580
0.763693
0.725249
0.926476
0.662572
0.135249
0.027699
0.882933
0.660794
0.463992
0.386856
0.343525
0.667195
0.890644
0.534059
0.327399
0.600514
0.260145
0.842021
0.828305
0.714307
0.023423
0.571325
0.377829
0.867206
0.982338
0.911395
0.867206
0.881346
0.895792
0.857797
0.091722
0.206548
0.566087
0.586641
0.430022
0.593099
0.407302
0.465387
0.933752
0.907093
0.718855
0.911240
0.800588
0.846663
0.468292
0.288346
0.806365
0.706822
0.451000
0.139781
0.893021
0.568996
0.844497
0.992489
0.659252
0.980842
0.994817
0.866927
0.936526
0.992773
0.178993
0.673708
0.873997
0.350468
0.955155
0.717806
0.394351
0.815665
0.919553
0.479347
0.676785
0.754310
0.482731
0.666839
0.716524
0.325151
0.843112
0.901315
0.333417
0.628531
0.925273
0.885123
0.503156
0.170145
0.859319
0.846663
0.873179
0.696490
0.983701
0.324978
0.787241
0.887121
0.820985
0.976452
0.924490
0.867484
0.806684
0.807535
0.532007
0.996477
0.698725
0.844398
0.960023
0.764368
0.859224
0.980546
0.347662
0.515586
0.430022
0.802948
0.951677
0.853189
0.900499
0.462920
0.741293
0.435916
0.897786
0.518967
0.993168
0.647864
0.822747
0.758842
0.559357
0.840728
0.626280
0.891665
0.496822
0.411407
0.622608
0.364447
0.552882
0.815245
0.664587
0.523036
0.896375
0.538858
0.753742
0.954176
0.802626
0.607236
0.914310
0.629242
0.744847
0.192744
0.866184
0.656761
0.123272
0.984053
0.807004
0.956759
0.709632
0.543099
0.962264
0.298609
0.716291
0.068432
0.965836
0.938854
0.631376
0.737040
0.497487
0.845877
0.162466
0.072685
0.681632
0.989361
0.845975
0.345679
0.473696
0.976452
0.507061
0.135550
0.571908
0.652135
0.670156
0.974086
0.221007
0.440391
0.947053
0.207283
0.698607
0.938854
0.346399
0.802948
0.887639
0.896125
0.278191
0.467861
0.830958
0.713607
0.731503
0.748047
0.982462
0.629598
0.963382
0.207160
0.723159
0.405309
0.835012
0.428273
0.635289
0.030306
0.634814
0.835718
0.990490
0.991615
0.770309
0.374881
0.623318
0.859509
0.997326
0.838130
0.956228
0.655813
0.240094
0.619885
0.278268
0.609716
0.939046
0.845778
0.380025
0.460459
0.892767
0.440809
0.635882
0.684467
0.250392
0.452058
0.253108
0.697196
0.134563
0.984629
0.279117
0.834407
0.337471
0.626398
0.972446
0.889189
0.927739
0.336145
0.691663
0.496158
0.727336
0.063983
0.509859
0.942011
0.830041
0.734851
0.982089
0.368842
0.589223
0.918888
0.728726
0.917176
0.740145
0.988341
0.346399
0.966845
0.621661
0.962801
0.948465
0.364633
0.906776
0.627820
0.962215
0.850475
0.425503
0.721764
0.987235
0.746562
0.447624
0.155225
0.147100
0.347662
0.727916
0.347210
0.036158
0.446151
0.850475
0.392688
0.533033
0.824710
0.196474
0.608771
0.886341
0.742899
0.765154
0.918072
0.706236
0.558431
0.993945
0.099462
0.901721
0.330529
0.898365
0.173566
0.870895
0.328353
0.611252
0.667550
0.786255
0.714541
0.992543
0.553574
0.124587
0.112079
0.750784
0.912397
0.919184
0.931189
0.191935
0.469155
0.865531
0.975362
0.064650
0.513899
0.915522
0.581603
0.740605
0.470450
0.819113
0.973133
0.579965
0.381175
0.920875
0.071723
0.647982
0.579263
0.497931
0.157755
0.871719
0.966845
0.490525
0.997934
0.523263
0.927039
0.956865
0.638966
0.198303
0.852028
0.866277
0.439244
0.999419
0.476517
0.067103
0.747591
0.270561
0.260218
0.058869
0.359070
0.982462
0.727104
0.442167
0.682223
0.882317
0.329571
0.994415
0.683759
0.689187
0.823471
0.291047
0.801125
0.652965
0.999619
0.039599
0.956335
0.057792
0.485798
0.570160
0.973213
0.703657
0.177583
0.722694
0.386180
0.656524
0.282532
0.256354
0.975666
0.652254
0.917997
0.437474
0.900418
0.928367
0.672643
0.498708
0.064963
0.879571
0.792262
0.822747
0.677495
0.841226
0.493393
0.814930
0.638728
0.637305
0.214183
0.775325
0.882317
0.958487
0.833800
0.121615
0.848036
0.973731
0.528480
0.871719
0.594981
0.083477
0.776657
0.272074
0.160518
0.650237
0.894284
0.747819
0.704243
0.019760
0.258171
0.367810
0.501486
0.916652
0.571441
0.751126
0.102358
0.802948
0.560052
0.422948
0.437474
0.677021
0.696961
0.251604
0.585234
0.883109
0.679505
0.910853
0.413117
0.785267
0.121812
0.951282
0.596275
0.473371
0.694136
0.272074
0.838130
0.494387
0.448783
0.054303
0.514012
0.945259
0.900009
0.964857
0.284565
0.923198
0.949394
0.981552
0.844200
0.285586
0.567599
0.990594
0.551958
0.162115
0.495494
0.744847
0.205327
0.994175
0.263755
0.412412
0.592041
0.704361
0.712439
0.442376
0.262794
0.284565
0.807110
0.907804
0.821089
0.852996
0.765828
0.838130
0.771761
0.198539
0.594981
0.681160
0.793783
0.217287
0.340756
0.788773
0.931053
0.577860
0.247274
0.906697
0.939747
0.853189
0.132649
0.964100
0.924775
0.064005
0.731387
0.959972
0.602282
0.792588
0.468292
0.704009
0.066230
0.235375
0.524735
0.678086
0.430228
0.223928
0.641694
0.203024
0.954558
0.740490
0.486566
0.203930
0.246852
0.821297
0.321286
0.048995
0.869425
0.471855
0.697784
0.626398
0.924775
0.917699
0.119708
0.808385
0.703422
0.735197
0.081943
0.534858
0.620240
0.971500
0.735542
0.886080
0.155273
0.146870
0.694961
0.973213
0.244466
0.318812
0.110051
0.706588
0.920948
0.485469
0.906459
0.877426
0.819426
0.736234
0.863286
0.894872
0.752378
0.385697
0.921095
0.198539
0.950885
0.650711
0.470018
0.857128
0.598158
0.711153
0.873816
0.328527
0.469263
0.912012
0.475974
0.297960
0.334735
0.681278
0.480329
0.757597
0.492178
0.116422
0.968721
0.817653
0.634459
0.707525
0.148026
0.960778
0.979406
0.898365
0.253683
0.227474
0.264200
0.173194
0.161066
0.914614
0.905425
0.198895
0.062451
0.829939
0.451317
0.231197
0.247909
0.530527
0.964951
0.290092
0.271998
0.423254
0.661742
0.690013
0.487005
0.001558
0.320944
0.875807
0.596392
0.367155
0.998476
0.200085
0.812405
0.489754
0.732658
0.806578
0.494830
0.691899
0.680569
0.415133
0.121498
0.309800
0.181017
0.521339
0.498042
0.083393
0.132734
0.158589
0.747819
0.080407
0.861119
0.981774
0.950714
0.811033
0.103271
0.500262
0.349924
0.925770
0.641576
0.811772
0.799620
0.462384
0.788445
0.884424
0.048874
0.861308
0.314157
0.785706
0.688126
0.280510
0.214120
0.101920
0.302935
0.928645
0.259998
0.739226
0.801232
0.992199
0.355393
0.728031
0.861025
0.641576
0.994561
0.838731
0.822023
0.527004
0.831670
0.448572
0.818697
0.467646
0.060174
0.532235
0.430744
0.997086
0.721183
0.276422
0.236667
0.638373
0.861686
0.294489
0.588284
0.870528
0.568414
0.456940
0.092090
0.856650
0.846368
0.105986
0.746448
0.753173
0.515361
0.875265
0.050685
0.721415
0.929751
0.105743
0.190671
0.869517
0.643355
0.296423
0.706822
0.921241
0.652372
0.608535
0.883460
0.981774
0.748846
0.738536
0.530300
0.240991
0.153685
0.431982
0.891835
0.172454
0.234833
0.427246
0.958642
0.766165
0.754991
0.184282
0.041490
0.009851
0.348475
0.587345
0.651423
0.934418
0.131807
0.727568
0.100751
0.936526
0.258974
0.374786
0.441958
0.902694
0.616572
0.091661
0.045477
0.681278
0.413620
0.942135
0.528708
0.841126
0.341023
0.715124
0.130843
0.266805
0.317283
0.860930
0.842418
0.496712
0.375735
0.372987
0.951225
0.648457
0.941886
0.689423
0.127866
0.355760
0.303345
0.301543
0.162115
0.258026
0.537714
0.729768
0.525642
0.669801
0.435397
0.481748
0.841921
0.534858
0.893274
0.200204
0.618938
0.922186
0.324978
0.442690
0.318132
0.370252
0.515361
0.549883
0.748846
0.996791
0.062929
0.996530
0.543902
0.049675
0.724436
0.448994
0.894032
0.753173
0.757484
0.163978
0.974671
0.656287
0.885035
0.934882
0.660319
0.561791
0.600985
0.213491
0.341469
0.253180
0.631376
0.879571
0.119940
0.607826
0.335969
0.720950
0.809975
0.998073
0.642525
0.046178
0.219590
0.945921
0.892598
0.516825
0.256935
0.865718
0.928228
0.901396
0.410604
0.878322
0.839131
0.774324
0.645491
0.654270
0.382422
0.705533
0.944654
0.867669
0.998292
0.170302
0.405010
0.672169
0.551266
0.353929
0.753969
0.260071
0.216524
0.136283
0.728147
0.985768
0.511429
0.308219
0.556463
0.141247
0.612906
0.995725
0.754310
0.000521
0.710919
0.616808
0.893190
0.549883
0.360178
0.652254
0.717107
0.196357
0.748504
0.834407
0.929751
0.786474
0.897786
0.572024
0.592394
0.527685
0.318132
0.436539
0.810399
0.330006
0.465925
0.883986
0.418370
0.863755
0.880992
0.221330
0.195302
0.997334
0.774101
0.504828
0.948348
0.539889
0.481529
0.320090
0.873816
0.856650
0.494498
0.939620
0.960023
0.674182
0.011321
0.684231
0.640152
0.740719
0.973968
0.836222
0.535315
0.448151
0.802519
0.635407
0.054379
0.302607
0.928853
0.211738
0.271695
0.754423
0.819009
0.454814
0.748846
0.054322
0.624029
0.848427
0.250605
0.179757
0.554614
0.186861
0.524508
0.701192
0.616453
0.107526
0.976894
0.446046
0.026092
0.372892
0.072487
0.725249
0.713840
0.522697
0.360178
0.226353
0.859794
0.099462
0.529731
0.347391
0.878858
0.983523
0.572957
0.703070
0.862440
0.791064
0.091784
0.728958
0.904545
0.811350
0.668024
0.158393
0.444576
0.339066
0.513899
0.482841
0.333417
0.837127
0.127090
0.973572
0.420300
0.752946
0.467754
0.667432
0.704830
0.017648
0.940001
0.863380
0.287951
0.104914
0.764143
0.551843
0.600632
0.390836
0.911395
0.099956
0.807004
0.782187
0.181897
0.176881
0.585469
0.714891
0.686592
0.835617
0.959667
0.304497
0.533375
0.315844
0.432292
0.832077
0.500818
0.564461
0.494609
0.210182
0.727336
0.556926
0.815035
0.756691
0.891920
0.483826
0.783949
0.386373
0.999303
0.491517
0.307803
0.902370
0.034532
0.522697
0.222821
0.552305
0.857033
0.846859
0.377638
0.519306
0.445416
0.033336
0.623081
0.740834
0.684703
0.577276
0.008137
0.624384
0.060805
0.004354
0.544591
0.408901
0.100651
0.023275
0.399166
0.439661
0.674537
0.020569
0.815874
0.477387
0.756691
0.133922
0.757371
0.785157
0.675010
0.189185
0.244886
0.841325
0.651304
0.428376
0.489314
0.802948
0.353199
0.246078
0.602046
0.967252
0.922693
0.236940
0.957497
0.819113
0.746791
0.271619
0.127009
0.157608
0.557042
0.424071
0.486676
0.253539
0.002211
0.567832
0.989450
0.987361
0.038711
0.821089
0.596275
0.385310
0.283860
0.562255
0.406205
0.772653
0.031874
0.881080
0.630902
0.391518
0.730578
0.805512
0.619293
0.234901
0.222821
0.417256
0.164232
0.083028
0.998266
0.971291
0.100751
0.955586
0.346039
0.995410
0.610661
0.993268
0.232740
0.588166
0.979303
0.966388
0.873270
0.356218
0.977222
0.408901
0.149799
0.167604
0.227738
0.737961
0.881080
0.311973
0.975741
0.860363
0.979508
0.943249
0.621897
0.543328
0.759181
0.875265
0.189014
0.707291
0.941324
0.977439
0.575757
0.665891
0.362866
0.859319
0.108800
0.372420
0.191475
0.374217
0.695667
0.358241
0.385310
0.734851
0.583476
0.669209
0.185008
0.747476
0.652016
0.906062
0.773545
0.389766
0.629953
0.312560
0.703774
0.654152
0.747819
0.675483
0.734851
0.270485
0.042315
0.450366
0.689541
0.173089
0.722113
0.798866
0.789428
0.252534
