0.818905
0.797032
0.193323
0.884948
0.547120
0.488763
0.845089
0.886601
0.415840
0.398279
0.904705
0.816293
0.238787
0.909373
0.868132
0.339510
0.174736
0.075695
0.487884
0.342988
0.973453
0.690366
0.614798
0.280976
0.635170
0.436954
0.946220
0.322914
0.835920
0.025661
0.767623
0.023960
0.272529
0.189128
0.576809
0.316097
0.924347
0.982861
0.649525
0.742670
0.530072
0.452587
0.728147
0.958280
0.470342
0.852706
0.064271
0.000384
0.484702
0.067311
0.089993
0.279581
0.583359
0.453859
0.573773
0.016231
0.116762
0.797248
0.676075
0.525642
0.247698
0.379069
0.442900
0.787131
0.525415
0.623318
0.562719
0.565274
0.822126
0.562951
0.523942
0.188616
0.824607
0.631494
0.818905
0.555307
0.615625
0.113585
0.437682
0.502599
0.875175
0.559821
0.210679
0.587580
0.779648
0.531210
0.886427
0.041327
0.496268
0.273518
0.614561
0.615271
0.141202
0.664824
0.106614
0.088264
0.217861
0.543902
0.319408
0.350650
0.168689
0.823161
0.601339
0.113658
0.369781
0.908276
0.938598
0.272226
0.110195
0.442376
0.830958
0.288030
0.331665
0.344332
0.768072
0.698960
0.800803
0.286845
0.919332
0.928645
0.007718
0.673708
0.700605
0.145675
0.191993
0.897703
0.347933
0.749987
0.033836
0.763355
0.686828
0.261614
0.785048
0.755331
0.610188
0.222432
0.590397
0.974554
0.887294
0.249326
0.769639
0.047592
0.617873
0.537143
0.904625
0.128934
0.589223
0.631494
0.405010
0.076967
0.355118
0.851544
0.680805
0.630428
0.096414
0.762228
0.088976
0.672288
0.796383
0.747248
0.802412
0.032120
0.695431
0.615980
0.223081
0.499485
0.514349
0.319919
0.624740
0.634459
0.784168
0.331752
0.247698
0.693430
0.980480
0.178885
0.028234
0.088887
0.676312
0.618346
0.921386
0.292084
0.532007
0.484483
0.267853
0.867391
0.977003
0.011528
0.215193
0.446467
0.211364
0.907804
0.700840
0.237213
0.252749
0.599807
0.096798
0.114363
0.419284
0.860930
0.845384
0.515474
0.880814
0.802519
0.400647
0.017957
0.294569
0.988974
0.354661
0.452905
0.174683
0.390447
0.935411
0.064918
0.248122
0.377067
0.191993
0.838631
0.244187
0.073009
0.905903
0.192628
0.405010
0.625687
0.554383
0.076758
0.379069
0.397885
0.030765
0.518967
0.216143
0.881523
0.870620
0.205875
0.865345
0.444367
0.804552
0.411307
0.188218
0.012654
0.409802
0.061207
0.817548
0.315506
0.257661
0.541493
0.084751
0.688480
0.157168
0.930506
0.651898
0.134648
0.822644
0.773879
0.444996
0.542869
0.279271
0.064806
0.421317
0.493393
0.568996
0.000575
0.397098
0.065730
0.918814
0.070917
0.872906
0.892429
0.121380
0.439244
0.495715
0.172402
0.502153
0.663283
0.581135
0.307555
0.823265
0.878143
0.912166
0.864036
0.809340
0.255920
0.906141
0.926194
0.332277
0.864317
0.476409
0.732889
0.223146
0.132059
0.266357
0.445311
0.865158
0.431466
0.796059
0.202843
0.076134
0.062343
0.474129
0.148957
0.161415
0.089036
0.075669
0.754196
0.592864
0.605112
0.035113
0.119514
0.116725
0.045058
0.361289
0.571441
0.570043
0.652372
0.014911
0.032284
0.639559
0.880371
0.037435
0.331752
0.115070
0.814720
0.247486
0.062798
0.517163
0.473804
0.153064
0.345319
0.677495
0.213491
0.502821
0.162316
0.491076
0.692016
0.522923
0.657710
0.071698
0.235443
0.155129
0.950600
0.655575
0.222951
0.825019
0.285979
0.349108
0.473479
0.537371
0.168586
0.047323
0.013476
0.047458
0.016047
0.459498
0.064986
0.134178
0.195771
0.253324
0.044137
0.720368
0.171244
0.802948
0.279890
0.344960
0.954830
0.752605
0.761665
0.420706
0.601692
0.426426
0.025757
0.076134
0.323601
0.149705
0.494056
0.747933
0.440600
0.588166
0.421928
0.069593
0.049308
0.317962
0.551266
0.670748
0.598158
0.135120
0.173406
0.023241
0.788773
0.345140
0.442272
0.510195
0.582774
0.172666
0.887207
0.196122
0.401933
0.493393
0.729999
0.963092
0.451634
0.334471
0.602753
0.960275
0.020848
0.673590
0.824504
0.421317
0.980513
0.014838
0.422744
0.105466
0.488873
0.147887
0.077019
0.016066
0.093450
0.377448
0.155032
0.721648
0.310050
0.113216
0.007948
0.496158
0.670393
0.741408
0.401240
0.846565
0.794434
0.091600
0.819322
0.579614
0.408601
0.160121
0.769303
0.601928
0.678322
0.811456
0.859984
0.586172
0.608063
0.078205
0.929268
0.317622
0.025757
0.231867
0.177259
0.199966
0.273594
0.344870
0.245446
0.406404
0.590514
0.657236
0.048977
0.646677
0.450894
0.471747
0.752605
0.379069
0.409402
0.503936
0.274585
0.185064
0.131933
0.581954
0.716524
0.637305
0.176343
0.260805
0.249113
0.535772
0.003154
0.656524
0.308219
0.505944
0.388309
0.168068
0.688952
0.881699
0.161915
0.397393
0.184003
0.599571
0.314831
0.473912
0.757711
0.562487
0.251104
0.237896
0.933082
0.194660
0.440391
0.009718
0.176450
0.177151
0.697666
0.281054
0.846663
0.642406
0.589927
0.528139
0.258463
0.581603
0.711971
0.385890
0.313820
0.743243
0.979028
0.105224
0.034544
0.875807
0.593687
0.000103
0.028380
0.995847
0.618583
0.005319
0.635407
0.231867
0.804659
0.174150
0.962215
0.236055
0.280045
0.662809
0.618938
0.051296
0.849891
0.347391
0.779205
0.374502
0.253180
0.964479
0.643711
0.078205
0.643711
0.004138
0.218116
0.228732
0.799512
0.444891
0.075721
0.366687
0.516825
0.521792
0.727220
0.286688
0.746677
0.285743
0.578445
0.152206
0.481311
0.005111
0.245587
0.463670
0.139781
0.678795
0.224059
0.192744
0.302689
0.009662
0.556463
0.083618
0.116460
0.291286
0.515249
0.576575
0.403321
0.202060
0.426733
0.114884
0.918814
0.269656
0.452269
0.695784
0.055768
0.621897
0.728031
0.302607
0.555423
0.751353
0.077124
0.104673
0.146916
0.702249
0.808810
0.403023
0.244536
0.952741
0.108515
0.793023
0.633154
0.090627
0.144262
0.123828
0.629716
0.759407
0.680450
0.675365
0.872450
0.105224
0.152873
0.111061
0.622963
0.739341
0.773099
0.053847
0.059799
0.550344
0.961476
0.287556
0.294248
0.035420
0.140446
0.529617
0.674655
0.607826
0.472180
0.829123
0.104090
0.227540
0.104295
0.062473
0.805726
0.580667
0.909452
0.459178
0.322656
0.746791
0.048701
0.027203
0.023916
0.499152
0.688244
0.127989
0.356769
0.032794
0.906221
0.798435
0.272833
0.198599
0.573307
0.516825
0.118783
0.585586
0.265165
0.989717
0.300726
0.555538
0.658066
0.927879
0.648220
0.195302
0.563068
0.453435
0.407901
0.800480
0.127294
0.321200
0.000320
0.424582
0.904545
0.056712
0.670511
0.018162
0.112811
0.090627
0.302771
0.967477
0.556810
0.968413
0.188218
0.212113
0.278962
0.079138
0.229330
0.320944
0.244327
0.189470
0.950429
0.634340
0.617400
0.560748
0.933082
0.057590
0.616927
0.602871
0.042436
0.012717
0.742899
0.692488
0.006315
0.355943
0.271695
0.500040
0.016820
0.183836
0.003515
0.609598
0.949740
0.454920
0.713023
0.532577
0.300971
0.418675
0.906062
0.703422
0.000054
0.211239
0.082303
0.397688
0.915447
0.021675
0.786474
0.714541
0.597923
0.190327
0.065188
0.384057
0.996891
0.092552
0.009189
0.819530
0.000646
0.424889
0.179211
0.525415
0.209130
0.060405
0.120561
0.384539
0.019693
0.607945
0.720950
0.021879
0.989157
0.336498
0.035936
0.636949
0.112811
0.540576
0.988436
0.729074
0.495383
0.088501
0.343883
0.394449
0.903984
0.201220
0.401636
0.811667
0.583594
0.284252
0.684467
0.595098
0.220491
0.925770
0.891325
0.067893
0.595098
0.069928
0.632799
0.988460
0.560168
0.022897
0.353107
0.281598
0.925841
0.988364
0.588166
0.110231
0.477822
0.209934
0.916952
0.507621
0.219269
0.548501
0.612670
0.900499
0.008542
0.219462
0.416143
0.002865
0.660675
0.404215
0.022508
0.883636
0.177367
0.750101
0.947053
0.667313
0.606056
0.755898
0.255775
0.414527
0.832077
0.278653
0.759181
0.533603
0.096095
0.466140
0.103203
0.974204
0.716408
0.261982
0.148724
0.437786
0.626043
0.495936
0.018334
0.844200
0.020747
0.245376
0.348113
0.540576
0.105847
0.022575
0.105605
0.193497
0.157119
0.448783
0.002722
0.369217
0.028652
0.974164
0.662809
0.706471
0.319237
0.820466
0.423867
0.042239
0.112006
0.953957
0.110303
0.357781
0.575174
0.758163
0.203145
0.158098
0.082498
0.322056
0.617755
0.574824
0.477822
0.232337
0.718855
0.982307
0.485359
0.214814
0.897040
0.476083
0.918592
0.141514
0.272909
0.019494
0.421419
0.972972
0.926758
0.194718
0.083618
0.980480
0.590867
0.655575
0.430331
0.766390
0.297069
0.077386
0.867947
0.202843
0.168586
0.078364
0.330181
0.134008
0.233414
0.092706
0.348837
0.615862
0.768520
0.787022
0.567832
0.660675
0.267703
0.857128
0.089963
0.497931
0.132819
0.795951
0.348113
0.100884
0.911858
0.939811
0.443319
0.350741
0.072586
0.171927
0.674892
0.392493
0.021426
0.001511
0.567367
0.058156
0.005508
0.142590
0.844200
0.875446
0.317283
0.000121
0.737501
0.283626
0.149658
0.647508
0.020393
0.012601
0.601928
0.033082
0.256935
0.102055
0.839531
0.057872
0.548731
0.758163
0.980678
0.743816
0.134008
0.176235
0.343704
0.559589
0.249184
0.100850
0.875446
0.050524
0.048255
0.303345
0.534744
0.000862
0.146363
0.410905
0.583594
0.475757
0.292004
0.177475
0.490194
0.305321
0.437162
0.679268
0.069521
0.345589
0.849111
0.411006
0.113474
0.278036
0.909842
0.125954
0.006529
0.221007
0.339866
0.395527
0.030923
0.259778
0.077439
0.487005
0.137936
0.100884
0.909139
0.098480
0.034394
0.191475
0.390252
0.195829
0.903501
0.126197
0.296261
0.385021
0.902694
0.376305
0.391713
0.844299
0.210990
0.379834
0.885471
0.038020
0.452693
0.305816
0.640152
0.319237
0.051061
0.515361
0.230395
0.009527
0.579497
0.450366
0.108835
0.345949
0.752378
0.405707
0.783949
0.044659
0.652610
0.826048
0.018053
0.003219
0.915900
0.303428
0.132649
0.032108
0.521113
0.471206
0.962019
0.005598
0.826562
0.936787
0.608181
0.191705
0.175913
0.838531
0.798543
0.523149
0.006209
0.001586
0.393470
0.878053
0.001519
0.692016
0.173937
0.396312
0.917475
0.855788
0.579965
0.392493
0.053621
0.922910
0.994115
0.229130
0.610661
0.254403
0.137936
0.175699
0.025709
0.123470
0.010972
0.000007
0.016769
0.734620
0.256137
0.253899
0.005036
0.068009
0.108480
0.232808
0.115482
0.026373
0.343883
0.107596
0.445101
0.000606
0.552766
0.929199
0.219526
0.010862
0.001721
0.109620
0.168949
0.401735
0.029931
0.593334
0.045949
0.379834
0.464099
0.148584
0.657592
0.003432
0.004862
0.660675
0.569927
0.630546
0.678559
0.225302
0.087118
0.363795
0.083168
0.152968
0.207160
0.775547
0.927530
0.024637
0.134221
0.643118
0.033652
0.013857
0.479020
0.926476
0.853479
0.007279
0.942570
0.000021
0.761326
0.610543
0.305982
0.501597
0.035420
0.773322
0.299097
0.070554
0.003847
0.883636
0.234156
0.011963
0.718156
0.006932
0.106859
0.175699
0.213931
0.089065
0.097668
0.109227
0.928297
0.033800
0.440809
0.249326
0.430228
0.000033
0.198480
0.581603
0.006068
0.080027
0.720717
0.092213
0.658066
0.322656
0.448151
0.101518
0.587814
0.004539
0.675602
0.000481
0.358517
0.495383
0.250249
0.342988
0.199727
0.163019
0.637780
0.015716
0.236327
0.041788
0.897621
0.583242
0.700957
0.111242
0.844398
0.964004
0.841126
0.006976
0.031968
0.472937
0.387437
0.349199
0.191762
0.809234
0.439557
0.717923
0.336322
0.016060
0.365192
0.210493
0.164384
0.665061
0.023319
0.205144
0.077781
0.770980
0.607945
0.005080
0.802305
0.141872
0.103782
0.946399
0.163120
0.009413
0.327919
0.076628
0.040943
0.268153
0.106859
0.006586
0.007129
0.122717
0.489644
0.582657
0.353290
0.142096
0.166576
0.456514
0.588166
0.250677
0.211800
0.122480
0.674892
0.203024
0.475431
0.061038
0.590984
0.382902
0.485140
0.217351
0.492730
0.070699
0.019619
0.109263
0.858273
0.404513
0.009779
0.930711
0.399166
0.767063
0.070192
0.293686
0.457366
0.289059
0.073059
0.829531
0.511990
0.510644
0.219976
0.876528
0.178287
0.095618
0.187935
0.046573
0.071527
0.197298
0.898282
0.785377
0.021969
0.435812
0.997009
0.040013
0.977798
0.293766
0.243559
0.063388
0.213240
0.081667
0.598511
0.542754
0.889960
0.065233
0.254619
0.717690
0.004696
0.232203
0.015338
0.448045
0.203688
0.218116
0.229197
0.099626
0.611015
0.006586
0.323945
0.301216
0.385503
0.234562
0.002001
0.463885
0.451529
0.068361
0.292084
0.801983
0.134691
0.143537
0.179375
0.112848
0.148398
0.492068
0.198007
0.910387
0.052336
0.391810
0.622845
0.112408
0.072338
0.328788
0.129058
0.018258
0.200204
0.043604
0.990902
0.953019
0.474888
0.068291
0.019849
0.015632
0.775547
0.242307
0.298934
0.115183
0.950657
0.174044
0.020997
0.136197
0.972283
0.329832
0.599454
0.891240
0.601692
0.397098
0.316520
0.989848
0.271923
0.915371
0.738191
0.374028
0.110087
0.091937
0.691192
0.726293
0.198184
0.558546
0.792697
0.211115
0.148631
0.743816
0.051568
0.812827
0.633984
0.129761
0.352378
0.119244
0.686592
0.432602
0.611015
0.882669
0.051914
0.129306
0.202722
0.128893
0.101719
0.635882
0.097345
0.779537
0.329049
0.296261
0.095523
0.009417
0.327052
0.066253
0.311136
0.248758
0.003571
0.272302
0.232673
0.950657
0.608417
0.103271
0.100817
0.460245
0.259559
0.889103
0.059095
0.059322
0.170772
0.266134
0.001177
0.189984
0.571441
0.310133
0.122283
0.204112
0.412312
0.705650
0.756125
0.129306
0.165809
0.103646
0.381366
0.421215
0.049939
0.212676
0.224909
0.690956
0.034444
0.394449
0.068549
0.206915
0.145172
0.192917
0.105086
0.077150
0.001910
0.108373
0.417357
0.589810
0.000468
0.325151
0.354203
0.035381
0.330704
0.164181
0.208389
0.107737
0.001565
0.853575
0.215193
0.500374
0.434775
0.882669
0.241060
0.672288
0.009450
0.043948
0.035394
0.626398
0.233954
0.109835
0.597334
0.742211
0.178993
0.710919
0.270939
0.855692
0.401933
0.066002
0.120405
0.076368
0.043449
0.484373
0.862628
0.235715
0.274661
0.002092
0.297474
0.000004
0.181181
0.039400
0.435190
0.172877
0.054322
0.317707
0.623437
0.542640
0.935674
0.377638
0.544476
0.049851
0.184282
0.463241
0.204597
0.528480
0.708579
0.099560
0.503267
0.555885
0.431362
0.319408
0.848427
0.225367
0.788991
0.343525
0.937566
0.327833
0.222756
0.379069
0.721183
0.451106
0.182118
0.500818
0.549883
0.811561
0.052798
0.354752
0.127131
0.858749
0.671577
0.656880
0.936003
0.809658
0.724669
0.613734
0.434775
