0.000000
0.000000
0.000000
0.000000
0.000000
0.000000
0.000000
0.000000
0.000000
0.000000
0.000000
0.000000
0.000000
0.000000
0.000000
0.000000
0.748814
0.917652
0.986618
0.727019
0.228846
0.237277
0.812650
0.215235
0.940758
0.195203
0.209689
0.038157
0.500536
0.596428
0.188010
0.851963
0.821364
0.010709
0.229946
0.123858
0.070114
0.325822
0.162415
0.079718
0.217763
0.694113
0.195869
0.714183
0.810701
0.748892
0.373800
0.660933
0.000000
0.000000
0.000000
0.000000
0.000000
0.000000
0.000000
0.000000
0.000000
0.000000
0.000000
0.000000
0.000000
0.000000
0.000000
0.000000
0.155148
0.491139
0.535427
0.396896
0.146557
0.038218
0.057651
0.189460
0.444452
0.593176
0.020850
0.017965
0.242032
0.086052
0.206062
0.326191
