0.638094
0.105332
0.251144
0.052147
0.434695
0.905674
0.164724
0.955416
0.921006
0.980800
0.118962
0.955310
0.334072
0.420429
0.247956
0.157813
0.627511
0.221893
0.906779
0.010226
0.016402
0.179587
0.729221
0.359416
0.430736
0.586018
0.594794
0.723636
0.945819
0.916269
0.141217
0.968600
0.650093
0.026067
0.664907
0.842005
0.393822
0.536358
0.721763
0.282690
0.945898
0.884628
0.276388
0.124253
0.635928
0.903164
0.437745
0.170474
0.000000
0.000000
0.000000
0.000000
0.000000
0.000000
0.000000
0.000000
0.292641
0.596000
0.664008
0.692806
0.264955
0.614991
0.820996
0.056384
0.817793
0.666145
0.655732
0.297728
0.482248
0.588756
0.854073
0.852176
0.000000
0.000000
0.000000
0.000000
0.000000
0.000000
0.000000
0.000000
