0.975261
0.868889
0.790263
0.448338
0.319987
0.693084
0.567445
0.268156
0.165999
0.092274
0.183919
0.179022
0.121989
0.103802
0.094804
0.079191
0.069406
0.102415
0.000000
0.000000
0.000000
0.000000
0.000000
0.000000
0.000000
0.000000
0.000000
0.000000
0.000000
0.000000
0.000000
0.000000
0.000000
0.000000
0.000000
0.000000
0.125243
0.104093
0.119814
0.227959
0.408238
0.562860
0.520033
0.237614
0.116318
0.267633
0.801480
0.376012
0.549473
0.481539
0.550609
0.663159
0.793037
0.997446
0.000000
0.000000
0.000000
0.000000
0.000000
0.000000
0.000000
0.000000
0.000000
0.000000
0.000000
0.000000
0.000000
0.000000
0.000000
0.000000
0.000000
0.000000
0.308422
0.311389
0.293259
0.163073
0.077360
0.056173
0.121632
0.240227
0.450486
0.742844
0.656217
0.537730
0.891500
0.788746
0.292100
0.270876
0.438270
0.506410
0.122068
0.110186
0.103369
0.062138
0.117594
0.201966
0.186784
0.537596
0.924941
0.741597
0.309947
0.114114
0.267086
0.483085
0.663160
0.650613
0.453238
0.505126
0.388956
0.753702
0.822221
0.714070
0.811195
0.637585
0.403110
0.505658
0.950310
0.261982
0.460774
0.727565
0.715048
0.603542
0.652027
0.473202
0.551614
0.694341
0.683936
0.527370
0.517907
0.504289
0.375682
0.427766
0.609449
0.686370
0.575819
0.225414
0.726378
0.908696
0.402549
0.351076
0.311453
0.147525
0.129302
0.300805
0.000000
0.000000
0.000000
0.000000
0.000000
0.000000
0.000000
0.000000
0.000000
0.000000
0.000000
0.000000
0.000000
0.000000
0.000000
0.000000
0.000000
0.000000
0.050431
0.035365
0.018349
0.026532
0.079987
0.102958
0.370886
0.952023
0.950143
0.122992
0.210763
0.225616
0.048905
0.021470
0.062867
0.165334
0.262992
0.195636
