0.306819
0.207990
0.166922
0.134622
0.055135
0.019060
0.013236
0.005674
0.009071
0.284884
0.630096
0.833330
0.758697
0.732192
0.831475
0.807840
0.765542
0.571783
0.836302
0.871848
0.968587
0.764420
0.701442
0.796713
0.500883
0.594132
0.629261
0.078292
0.044594
0.085278
0.080195
0.082384
0.079211
0.068251
0.064638
0.066938
0.334899
0.245220
0.208416
0.169272
0.143927
0.223872
0.309256
0.144082
0.243636
0.268013
0.233460
0.342621
0.659440
0.938043
0.775834
0.748861
0.978385
0.650942
0.565541
0.621069
0.806001
0.988486
0.866958
0.927926
0.653062
0.571053
0.666632
0.848169
0.879196
0.563301
0.333114
0.318685
0.488490
0.729981
0.877231
0.930620
