0.801447
0.868225
0.592512
0.788773
0.952963
0.705533
0.740834
0.727568
0.959105
0.269355
0.261467
0.716991
0.791391
0.040738
0.057570
0.781194
0.405309
0.875626
0.846761
0.078603
0.800910
0.570975
0.009998
0.325928
0.950942
0.740030
0.931257
0.025785
0.879927
0.565971
0.187708
0.972609
0.369969
0.375260
0.344332
0.688126
0.632206
0.443633
0.462063
0.835315
0.753514
0.043372
0.915144
0.809234
0.553228
0.016005
0.603697
0.834407
0.267254
0.987108
0.498930
0.045867
0.954938
0.835617
0.896459
0.707174
0.417155
0.629361
0.955263
0.969419
0.878769
0.226682
0.909764
0.680569
0.569461
0.895290
0.519306
0.030318
0.702249
0.510980
0.329832
0.288584
0.836725
0.032272
0.801447
0.411709
0.995436
0.414326
0.496601
0.212488
0.679623
0.732312
0.786912
0.804659
0.786364
0.724436
0.799081
0.846761
0.888931
0.842815
0.488653
0.499596
0.176827
0.993930
0.670275
0.701544
0.698842
0.151022
0.474238
0.869885
0.705533
0.826870
0.978646
0.792044
0.789756
0.834710
0.389766
0.673471
0.854154
0.447098
0.345409
0.659845
0.452375
0.912012
0.933552
0.352105
0.512102
0.602282
0.798543
0.784828
0.942941
0.114288
0.192108
0.343077
0.412111
0.482294
0.435501
0.415537
0.010605
0.534174
0.801017
0.714074
0.956654
0.578094
0.202843
0.342094
0.633154
0.086101
0.727220
0.691899
0.989695
0.273746
0.381942
0.688008
0.191705
0.256644
0.034046
0.032272
0.745076
0.605466
0.023034
0.760311
0.247698
0.422336
0.991920
0.008585
0.118438
0.754877
0.092305
0.768072
0.069640
0.927739
0.678086
0.927879
0.916802
0.768855
0.525302
0.805726
0.348204
0.609007
0.616335
0.263311
0.721299
0.491958
0.544017
0.216778
0.912166
0.433325
0.012820
0.460673
0.253108
0.401834
0.156486
0.811244
0.545051
0.033082
0.241960
0.600043
0.619411
0.226353
0.192397
0.346579
0.949394
0.509411
0.278731
0.875626
0.230997
0.848427
0.088353
0.242724
0.217925
0.200622
0.452058
0.548386
0.321115
0.744961
0.746905
0.183114
0.776657
0.975817
0.003075
0.381366
0.243002
0.517050
0.803804
0.209872
0.934750
0.619766
0.626517
0.759520
0.572024
0.079622
0.745076
0.662691
0.083533
0.080108
0.415032
0.384732
0.808385
0.518403
0.597452
0.032167
0.315252
0.745304
0.010277
0.994429
0.155757
0.454177
0.082972
0.489314
0.552305
0.226880
0.780090
0.155806
0.311052
0.667905
0.429816
0.632443
0.270939
0.351013
0.729652
0.338711
0.696137
0.497487
0.623081
0.812194
0.309800
0.572257
0.031643
0.148957
0.268003
0.200443
0.274738
0.927949
0.924275
0.260145
0.458964
0.215572
0.453223
0.705416
0.115183
0.644186
0.621779
0.809552
0.756351
0.522131
0.568530
0.610543
0.808491
0.356127
0.319322
0.890985
0.409402
0.143537
0.466247
0.733928
0.924490
0.875717
0.787788
0.778209
0.029953
0.993757
0.219462
0.108515
0.277805
0.079622
0.733582
0.757031
0.183280
0.555885
0.608299
0.190671
0.064896
0.392786
0.574473
0.356953
0.232471
0.920289
0.721183
0.502710
0.714541
0.699900
0.278576
0.031573
0.938341
0.049168
0.193961
0.065345
0.546890
0.576809
0.360456
0.677495
0.757031
0.009036
0.579029
0.838230
0.051841
0.345949
0.548041
0.278191
0.445416
0.327919
0.188502
0.989739
0.013553
0.814090
0.967342
0.193555
0.629953
0.489534
0.828612
0.772542
0.688598
0.714191
0.051386
0.972283
0.635170
0.447203
0.035100
0.674537
0.251176
0.562255
0.003310
0.112958
0.642999
0.230062
0.585234
0.473371
0.233009
0.618110
0.534858
0.969463
0.894032
0.892005
0.736119
0.355210
0.547465
0.825122
0.374976
0.862251
0.733582
0.768296
0.419588
0.804872
0.016429
0.907014
0.639203
0.733928
0.619056
0.524508
0.175967
0.201520
0.119399
0.325928
0.025900
0.822540
0.706119
0.045235
0.341558
0.881699
0.473154
0.386276
0.077781
0.930916
0.827895
0.792262
0.045932
0.157315
0.544936
0.561791
0.254691
0.789319
0.181236
0.942198
0.260878
0.064829
0.385214
0.699077
0.881876
0.639796
0.513450
0.785487
0.740490
0.206670
0.075464
0.598511
0.803590
0.867762
0.520435
0.332978
0.997986
0.097604
0.467000
0.139649
0.957915
0.894536
0.946340
0.125430
0.349018
0.806258
0.747020
0.367342
0.437682
0.974438
0.723043
0.589575
0.405607
0.991164
0.116876
0.355027
0.504382
0.462277
0.592512
0.862251
0.284017
0.429199
0.688952
0.083702
0.122717
0.472071
0.512102
0.652610
0.949163
0.519758
0.018093
0.962313
0.417864
0.934019
0.619766
0.578094
0.705299
0.355851
0.804231
0.686946
0.446046
0.534059
0.522697
0.638491
0.348565
0.492841
0.094985
0.143266
0.720485
0.891410
0.246429
0.939174
0.930848
0.429096
0.597569
0.227474
0.133880
0.348475
0.146593
0.034344
0.460245
0.990065
0.280898
0.544706
0.980907
0.224320
0.423561
0.617281
0.020142
0.873361
0.958951
0.153016
0.049816
0.896292
0.588988
0.628650
0.127253
0.702131
0.104364
0.005973
0.664943
0.016801
0.779205
0.567018
0.985440
0.596157
0.586055
0.346309
0.238925
0.534630
0.671222
0.928367
0.407103
0.734043
0.284017
0.793783
0.902208
0.406803
0.613734
0.952127
0.345230
0.900581
0.918666
0.366593
0.004228
0.023232
0.646559
0.221783
0.407502
0.930916
0.499152
0.207405
0.081199
0.361196
0.483935
0.665654
0.778431
0.348746
0.398574
0.447519
0.946697
0.805192
0.087059
0.783178
0.604994
0.088087
0.851350
0.552651
0.774435
0.757597
0.834002
0.686474
0.505163
0.501597
0.063939
0.497044
0.077465
0.023000
0.208143
0.701074
0.015192
0.154743
0.493835
0.540920
0.588049
0.802626
0.947997
0.078844
0.774546
0.015140
0.506056
0.213428
0.285979
0.679505
0.667195
0.123391
0.975476
0.175003
0.147239
0.003017
0.200204
0.951734
0.822540
0.515812
0.344960
0.194020
0.412211
0.734043
