0.000000
0.000000
0.000000
0.000000
0.000000
0.000000
0.000000
0.000000
0.000000
0.000000
0.000000
0.000000
0.000000
0.000000
0.000000
0.000000
0.000000
0.000000
0.000000
0.000000
0.000000
0.000000
0.000000
0.000000
0.000000
0.000000
0.000000
0.000000
0.000000
0.000000
0.000000
0.000000
0.000000
0.000000
0.000000
0.000000
0.473479
0.657849
0.906778
0.836111
0.915935
0.888946
0.813409
0.647620
0.597652
0.561539
0.464588
0.478889
0.385533
0.498205
0.750285
0.924198
0.383131
0.288034
0.536910
0.358125
0.361157
0.481845
0.502264
0.391726
0.489248
0.835392
0.769327
0.225126
0.165970
0.310862
0.414394
0.343937
0.336773
0.280352
0.240543
0.179702
0.487337
0.538638
0.490356
0.524634
0.516919
0.452070
0.637046
0.607663
0.507219
0.258303
0.304503
0.535177
0.981820
0.418589
0.344536
0.522446
0.761474
0.906878
0.791551
0.976372
0.942935
0.896807
0.992373
0.948148
0.521369
0.220503
0.389619
0.667083
0.446295
0.546667
0.786413
0.566280
0.489117
0.898737
1.000000
0.988901
0.000000
0.000000
0.000000
0.000000
0.000000
0.000000
0.000000
0.000000
0.000000
0.000000
0.000000
0.000000
0.000000
0.000000
0.000000
0.000000
0.000000
0.000000
0.000000
0.000000
0.000000
0.000000
0.000000
0.000000
0.000000
0.000000
0.000000
0.000000
0.000000
0.000000
0.000000
0.000000
0.000000
0.000000
0.000000
0.000000
0.941764
0.954519
0.841093
0.585819
0.194103
0.109282
0.172253
0.265720
0.260798
0.033293
0.070516
0.192869
0.167178
0.082986
0.055720
0.053981
0.059126
0.069279
0.740447
0.867085
0.403902
0.335436
0.847027
0.944195
0.942228
0.778960
0.404627
0.031325
0.097456
0.330471
0.391183
0.323291
0.406197
0.368718
0.213772
0.249734
