0.000000
0.000000
0.000000
0.000000
0.000000
0.000000
0.000000
0.000000
0.000000
0.000000
0.000000
0.000000
0.000000
0.000000
0.000000
0.000000
0.000000
0.000000
0.015860
0.020858
0.005396
0.010637
0.075611
0.076903
0.038110
0.008613
0.027099
0.982713
0.548194
0.404651
0.471105
0.761626
0.947911
0.918628
0.745572
0.449204
0.323892
0.164284
0.088460
0.221622
0.455301
0.366152
0.551114
0.662588
0.804643
0.492044
0.634067
0.858556
0.819240
0.985382
0.499465
0.468995
0.749486
0.936249
0.046781
0.065711
0.052175
0.148829
0.410959
0.230278
0.031600
0.065335
0.424857
0.185505
0.028632
0.016356
0.021650
0.075500
0.175041
0.194353
0.202750
0.178287
