0.989225
0.990940
0.274943
0.038989
0.798238
0.649726
0.887307
0.977580
0.212770
0.506043
0.014227
0.890688
0.163686
0.277703
0.168292
0.363587
0.681093
0.922148
0.975976
0.691239
0.075135
0.627346
0.920409
0.935691
0.317783
0.278633
0.914913
0.752363
0.791355
0.589659
0.415232
0.982154
0.066562
0.167048
0.186553
0.073954
0.234752
0.102990
0.201415
0.990848
0.393641
0.097441
0.229415
0.938609
0.228130
0.228834
0.165826
0.041161
0.000000
0.000000
0.000000
0.000000
0.000000
0.000000
0.000000
0.000000
0.526734
0.004675
0.218128
0.816868
0.183331
0.915394
0.223220
0.152206
0.000000
0.000000
0.000000
0.000000
0.000000
0.000000
0.000000
0.000000
0.000000
0.000000
0.000000
0.000000
0.000000
0.000000
0.000000
0.000000
