0.306819
0.207990
0.166922
0.134622
0.055135
0.019060
0.013236
0.005674
0.009071
0.284884
0.630096
0.833330
0.758697
0.732192
0.831475
0.807840
0.765542
0.571783
0.836302
0.871848
0.968587
0.764420
0.701442
0.796713
0.500883
0.594132
0.629261
0.078292
0.044594
0.085278
0.080195
0.082384
0.079211
0.068251
0.064638
0.066938
0.334899
0.245220
0.208416
0.169272
0.143927
0.223872
0.309256
0.144082
0.243636
0.268013
0.233460
0.342621
0.659440
0.938043
0.775834
0.748861
0.978385
0.650942
0.565541
0.621069
0.806001
0.988486
0.866958
0.927926
0.653062
0.571053
0.666632
0.848169
0.879196
0.563301
0.333114
0.318685
0.488490
0.729981
0.877231
0.930620
0.594177
0.327789
0.148126
0.164467
0.380435
0.465432
0.424353
0.686078
0.753656
0.884836
0.900178
0.697535
0.381074
0.266805
0.340342
0.380441
0.439588
0.478673
0.195189
0.191810
0.206468
0.153508
0.142988
0.369211
0.779786
0.252310
0.401159
0.371781
0.364114
0.654618
0.839490
0.738802
0.726279
0.506773
0.358713
0.259989
0.000000
0.000000
0.000000
0.000000
0.000000
0.000000
0.000000
0.000000
0.000000
0.000000
0.000000
0.000000
0.000000
0.000000
0.000000
0.000000
0.000000
0.000000
0.497441
0.269935
0.140415
0.117739
0.172285
0.131248
0.142312
0.354929
0.309004
0.702838
0.386306
0.049104
0.012444
0.057566
0.165149
0.219686
0.278581
0.408485
0.123819
0.078858
0.068757
0.100310
0.222376
0.448196
0.836670
0.950067
0.892152
0.370874
0.178179
0.636253
0.644652
0.538795
0.451943
0.268924
0.195231
0.184017
0.000000
0.000000
0.000000
0.000000
0.000000
0.000000
0.000000
0.000000
0.000000
0.000000
0.000000
0.000000
0.000000
0.000000
0.000000
0.000000
0.000000
0.000000
