0.402627
0.961028
0.858559
0.547925
0.860647
0.544361
0.109943
0.327746
0.090476
0.031321
0.002612
0.337205
0.814090
0.275579
0.989562
0.130801
0.187030
0.191993
0.167604
0.654745
0.003430
0.595686
0.860741
0.593452
0.894536
0.513113
0.900908
0.667669
0.814510
0.906935
0.601103
0.697902
0.662572
0.646321
0.612788
0.525642
0.503601
0.625924
0.761101
0.984629
0.228467
0.594157
0.877516
0.361567
0.439765
0.422948
0.037112
0.942755
0.365379
0.539431
0.427451
0.607826
0.308551
0.495715
0.460780
0.585234
0.470018
0.813880
0.979712
0.204355
0.533261
0.259193
0.656050
0.641576
0.028058
0.949163
0.156000
0.388794
0.592276
0.347030
0.007828
0.190843
0.346039
0.763693
0.402627
0.728379
0.719437
0.095586
0.575641
0.822851
0.295535
0.233549
0.540805
0.687064
0.311638
0.480219
0.023880
0.456940
0.561559
0.640626
0.844101
0.078924
0.338889
0.972730
0.775769
0.499596
0.339244
0.406205
0.697078
0.857510
0.597569
0.801339
0.559010
0.267928
0.202722
0.607000
0.250178
0.019472
0.307389
0.450472
0.957497
0.135808
0.296261
0.164029
0.927809
0.575174
0.844299
0.495604
0.964052
0.241129
0.739456
0.133965
0.097088
0.150409
0.383095
0.218500
0.932477
0.353290
0.998861
0.089095
0.652254
0.356218
0.920656
0.633391
0.126237
0.997038
0.148165
0.364261
0.633154
0.207221
0.580901
0.256354
0.369217
0.287240
0.150080
0.858368
0.039570
0.763693
0.855212
0.303838
0.918146
0.837729
0.899270
0.053942
0.020833
0.537257
0.491958
0.758503
0.561907
0.052928
0.726409
0.006938
0.205571
0.240577
0.173247
0.441958
0.506391
0.078683
0.642050
0.981037
0.584179
0.323343
0.239131
0.500818
0.256572
0.885732
0.782738
0.703070
0.015355
0.189014
0.054589
0.975590
0.964479
0.404911
0.066459
0.126156
0.770756
0.356402
0.481529
0.058034
0.288980
0.000423
0.857415
0.573540
0.203205
0.939556
0.246500
0.388019
0.747248
0.016355
0.115595
0.129223
0.126075
0.040929
0.577393
0.427349
0.743931
0.140801
0.037340
0.428993
0.192108
0.091356
0.679741
0.817966
0.029485
0.918369
0.609598
0.106789
0.372420
0.072165
0.598865
0.519983
0.855212
0.033812
0.452799
0.001317
0.859509
0.488214
0.813459
0.051914
0.790301
0.418269
0.132059
0.466247
0.043870
0.027043
0.163322
0.198895
0.216778
0.803911
0.352378
0.704712
0.794976
0.232068
0.560168
0.039741
0.089155
0.331577
0.824710
0.286766
0.551843
0.315675
0.446151
0.215699
0.611488
0.068267
0.317962
0.303510
0.932679
0.515924
0.474780
0.506056
0.264348
0.320431
0.477931
0.777655
0.107350
0.022125
0.210928
0.371193
0.028422
0.880193
0.576458
0.661387
0.451317
0.221848
0.171612
0.194194
0.892344
0.015944
0.793566
0.150881
0.001881
0.493503
0.848818
0.296261
0.483497
0.165349
0.533147
0.048891
0.862910
0.114660
0.527344
0.243629
0.181291
0.519983
0.660201
0.810927
0.443423
0.718273
0.767175
0.219526
0.729999
0.663402
0.895123
0.258974
0.617991
0.275732
0.042512
0.021944
0.120483
0.507621
0.835315
0.424480
0.049186
0.209253
0.397196
0.564925
0.677968
0.213617
0.605230
0.939238
0.173937
0.013174
0.421521
0.623910
0.953847
0.672288
0.872724
0.628294
0.485688
0.419588
0.245587
0.471747
0.250890
0.499263
0.080543
0.085754
0.288901
0.214498
0.297555
0.356218
0.295213
0.032096
0.229729
0.340756
0.787241
0.891155
0.164485
0.779427
0.098057
0.165655
0.062149
0.425811
0.030708
0.231465
0.737501
0.176450
0.934086
0.419791
0.279581
0.035458
0.648338
0.335528
0.257371
0.154984
0.265686
0.917848
0.290330
0.714424
0.660201
0.191245
0.117635
0.233346
0.123828
0.985495
0.317198
0.335352
0.305982
0.688244
0.911549
0.137805
0.586641
0.183392
0.180523
0.038350
0.566901
0.246359
0.145538
0.123510
0.033824
0.601103
0.380600
0.472937
0.513899
0.718622
0.797680
0.147054
0.258171
0.779648
0.033836
0.522018
0.105259
0.577276
0.153590
0.599336
0.412613
0.413318
0.227738
0.081529
0.917102
0.256354
0.159378
0.219398
0.660794
0.164942
0.512776
0.627465
0.391225
0.224516
0.213365
0.730809
0.436435
0.173937
0.327052
0.166013
0.123549
0.490855
0.611252
0.492289
0.256644
0.039798
0.909061
0.339155
0.293846
0.894452
0.723391
0.875356
0.286215
0.916952
0.032591
0.949452
0.392200
0.714424
0.173725
0.096510
0.342630
0.233077
0.008482
0.933552
0.188843
0.212738
0.460780
0.629598
0.212676
0.989629
0.336322
0.027073
0.547695
0.264052
0.027914
0.043294
0.549422
0.248334
0.023034
0.170825
0.413519
0.061826
0.193961
0.199311
0.185961
0.552997
0.818905
0.400745
0.690720
0.499152
0.404911
0.348023
0.070529
0.411006
0.103646
0.392688
0.008390
0.783839
0.046905
0.004481
0.950028
0.028162
0.677140
0.170145
0.165604
0.090355
0.350015
0.887380
0.584883
0.149611
0.026637
0.015781
0.047812
0.433015
0.468185
0.351923
0.102223
0.921678
0.164841
0.162115
0.489203
0.867577
0.089963
0.403817
0.351559
0.009388
0.553805
0.665061
0.399856
0.222691
0.132270
0.448783
0.173725
0.190556
0.169416
0.043465
0.426528
0.099692
0.372137
0.455026
0.607945
0.448256
0.611724
0.924846
0.061591
0.403222
0.200264
0.557505
0.294810
0.303838
0.171927
0.566087
0.427554
0.141291
0.003245
0.129140
0.175645
0.037435
0.438515
0.500040
0.794759
0.455983
0.060405
0.078417
0.979406
0.834305
0.856841
0.919036
0.111206
0.168586
0.065300
0.686474
0.198066
0.066367
0.887467
0.755558
0.171717
0.778209
0.632917
0.030607
0.019268
0.852028
0.026402
0.772653
0.691074
0.128769
0.081419
0.158540
0.074977
0.289933
0.243350
0.329745
0.814090
0.114437
0.903662
0.057030
0.011981
0.671814
0.729768
0.147748
0.753514
0.001482
0.957445
0.424480
0.414729
0.448783
0.528594
0.762341
0.890644
0.171034
0.114029
0.449205
0.004741
0.199014
0.283469
0.281131
0.086535
0.691545
0.229130
0.038130
0.939174
0.006856
0.270259
0.043356
0.532577
0.000092
0.230395
0.866556
0.432808
0.655931
0.061335
0.072785
0.246992
0.048443
0.028245
0.208143
0.594157
0.686474
0.159082
0.601457
0.347571
0.068244
0.018286
0.648457
0.771426
0.197416
0.984024
0.300073
0.280666
0.391908
0.490415
0.490745
0.082860
0.152396
0.436850
0.281054
0.001323
0.243768
0.055069
0.052024
0.174789
0.266134
0.021732
0.012557
0.236395
0.083787
0.091814
0.583008
0.847546
0.869885
0.094796
0.204597
0.560052
0.935345
0.100684
0.353016
0.247415
0.011889
0.862534
0.662928
0.528594
0.017548
0.488104
0.000999
0.115407
0.556463
0.130551
0.336057
0.720834
0.281209
0.423254
0.615744
0.271014
0.568297
0.745533
0.059157
0.574824
0.004472
0.095079
0.214624
0.160717
0.010621
0.458325
0.000048
0.141604
0.419791
0.031562
0.692252
0.549307
0.001648
0.170041
0.019247
0.183336
0.320602
0.227276
0.001728
0.925415
0.118553
0.531552
0.667550
0.506838
0.159378
0.585117
0.681987
0.288980
0.015520
0.070529
0.109692
0.234089
0.035126
0.244886
0.867113
0.686592
0.277574
0.722113
0.004876
0.016145
0.144580
0.061186
0.757597
0.302771
0.022142
0.890644
0.000857
0.077623
0.366593
0.021005
0.019059
0.717224
0.083084
0.372514
0.402726
0.296342
0.662928
0.620477
0.232270
0.170668
0.395232
0.216079
0.008803
0.231465
0.937761
0.496047
0.668379
0.644898
0.494719
0.391810
0.006231
0.783839
0.494056
0.052539
0.441540
0.590749
0.007271
0.695902
0.500707
0.893696
0.715941
0.138329
0.080789
0.233683
0.818175
0.234156
0.447098
0.943678
0.742670
0.286372
0.560864
0.415436
0.169312
0.134648
0.591689
0.112921
0.066711
0.000789
0.158000
0.089873
0.701427
0.268228
0.721299
0.208636
0.273518
0.066071
0.421317
0.957340
0.953572
0.021895
0.024184
0.316097
0.851641
0.558199
0.645965
0.054570
0.084637
0.657473
0.360086
0.760649
0.542066
0.445941
0.013889
0.077993
0.391323
0.232203
0.681160
0.002633
0.235851
0.013884
0.779205
0.620477
0.039985
0.010025
0.804018
0.135981
0.630428
0.054493
0.328180
0.235851
0.153925
0.117635
0.308634
0.426528
0.851544
0.133582
0.116573
0.089334
0.467969
0.002412
0.036171
0.117331
0.067963
0.663283
0.425708
0.409101
0.070844
0.551036
0.011564
0.735542
0.262572
0.022358
0.339333
0.021482
0.599336
0.503156
0.022983
0.148351
0.148491
0.442795
0.310801
0.446572
0.145172
0.398377
0.192281
0.006454
0.075028
0.249326
0.481857
0.000748
0.637542
0.020461
0.504493
0.859889
0.004856
0.652847
0.679032
0.335175
0.132946
0.045300
0.551958
0.000007
0.537257
0.262351
0.046458
0.509635
0.495383
0.102594
0.008237
0.496822
0.114363
0.945380
0.791609
0.716757
0.779205
0.082387
0.013403
0.256209
0.221524
0.441122
0.656050
0.000215
0.638847
0.033898
0.275196
0.041267
0.974710
0.678677
0.360271
0.302033
0.737731
0.024509
0.468723
0.112189
0.154069
0.534059
0.043465
0.225433
0.674892
0.180468
0.292164
0.097345
0.123947
0.615034
0.980940
0.810504
0.148165
0.016630
0.016498
0.707993
0.125712
0.021060
0.150928
0.096510
0.241891
0.011453
0.334823
0.589810
0.772542
0.661268
0.100651
0.127416
0.996951
0.461100
0.124867
0.025491
0.314578
0.007112
0.115595
0.847154
0.541378
0.563648
0.808279
0.586289
0.469802
0.000915
0.330355
0.145584
0.847154
0.198184
0.547235
0.069259
0.524169
0.075412
0.596510
0.015187
0.429919
0.379834
0.012634
0.082387
0.440600
0.158196
0.668853
0.503267
0.001952
0.916201
0.022838
0.132988
0.029183
0.386663
0.385986
0.182671
0.386566
0.102526
0.758616
0.939046
0.110952
0.247415
0.628650
0.576341
0.151447
0.553459
0.089723
0.179866
0.675010
0.318642
0.118284
0.102763
0.241337
0.215699
0.113548
0.688716
0.006943
0.080625
0.000526
0.147470
0.002995
0.635407
0.779316
0.986644
0.007412
0.593334
0.323687
0.434257
0.192802
0.505721
0.556695
0.579497
0.693194
0.646321
0.211301
0.164790
0.000111
0.225564
0.800803
0.562835
0.903017
0.051170
0.049134
0.071160
0.618228
0.018515
0.000347
0.159774
0.283547
0.783839
0.113326
0.282221
0.054474
0.177205
0.218756
0.000648
0.012634
0.513899
0.452269
0.167862
0.774101
0.277574
0.306230
0.142141
0.292164
0.714191
0.736810
0.806897
0.387050
0.409101
0.001100
0.234765
0.059116
0.076862
0.227474
0.289456
0.593569
0.272757
0.420605
0.095111
0.007718
0.006943
0.224516
0.832888
0.069545
0.373271
0.013403
0.127009
0.490745
0.000001
0.718622
0.005419
0.420808
0.196064
0.761778
0.008714
0.702014
0.363795
0.293926
0.754423
0.933351
0.166935
0.052079
0.805619
0.690249
0.195361
0.761890
0.856076
0.180578
0.021797
0.154743
0.399955
0.004903
0.351741
0.266507
0.472613
0.506503
0.851253
0.105847
0.293044
0.013569
0.065707
0.409001
0.971040
0.425094
0.550114
0.735427
0.264645
0.858559
0.852125
0.756805
0.513899
0.728611
0.669801
0.527571
0.310384
0.313568
0.954667
0.819530
0.226550
0.260805
0.132692
0.734389
0.256789
0.021675
0.043682
0.520209
0.198717
0.101954
0.219077
0.340934
0.195888
0.000052
0.048943
0.381750
0.135938
0.692252
0.134820
0.459925
0.118055
0.345949
0.841723
0.555538
0.001918
0.280588
0.390447
0.000090
0.414124
0.000333
0.295293
0.802948
0.156146
0.019153
0.498930
0.985659
0.820674
0.040841
0.529049
0.094074
0.268904
0.000191
0.564229
0.202241
0.471747
0.012167
0.064560
0.717690
0.584179
0.348023
0.646915
0.821919
0.386953
0.495715
0.820466
0.030295
0.859699
0.036171
0.222042
0.765716
0.000822
0.337205
0.006580
0.764368
0.038309
0.756805
0.650237
0.052097
0.221266
0.139826
0.213805
0.231130
0.047458
0.534174
0.494387
0.633866
0.039856
0.837026
0.184561
0.045932
0.613142
0.509187
0.303838
0.001484
0.163726
0.717923
0.003889
0.090627
0.232942
0.351377
0.002270
0.743358
0.850378
0.907882
0.301543
0.919036
0.404712
0.980513
0.306643
0.396213
0.859699
0.005241
0.786364
0.332803
0.026500
0.017978
0.449627
0.636712
0.148491
0.191762
0.056356
0.066551
0.479892
0.363795
0.331752
0.179811
0.014414
0.497155
0.056950
0.193555
0.438098
0.432705
0.006843
0.112554
0.499041
0.557505
0.755785
0.912935
0.845483
0.136760
0.444367
0.008350
0.381942
0.300481
0.008106
0.544247
0.026628
0.224189
0.164536
0.211426
0.650237
0.460993
0.013600
0.667550
0.205936
0.640982
0.527458
0.109370
0.092830
0.475648
0.093108
0.143672
0.656050
0.254763
0.156534
0.102122
0.183003
0.205632
0.016561
0.789756
0.823161
0.064963
0.076264
0.171980
0.730809
0.426528
0.465280
0.723856
0.199846
0.463777
0.365379
0.062300
0.481420
0.179757
0.411207
0.075258
0.426118
0.054018
0.054608
0.001540
0.777877
0.150127
0.417256
0.509747
0.229929
0.255847
0.217989
0.693312
0.001100
0.093917
0.022617
0.181236
0.961575
0.276882
0.598158
0.043511
0.030663
0.267179
0.852609
0.152539
0.010976
0.046211
0.562255
0.153590
0.525415
0.267628
0.960174
0.371853
0.435501
0.008354
0.652847
0.394742
0.025359
0.211426
0.478476
0.784168
0.692488
0.384828
0.232337
0.767623
0.914993
0.294730
0.751923
0.191130
0.000186
0.743816
0.523036
0.307720
0.739915
0.000261
0.073609
0.425811
0.671932
0.007939
0.081391
0.515812
0.729537
0.000909
0.002841
0.378974
0.012327
0.080407
0.080353
0.009064
0.261982
0.003439
0.002907
0.371665
0.235307
0.190499
0.000001
0.047089
0.709749
0.687418
0.026363
0.172402
0.880016
0.000195
0.006976
0.110555
0.758390
0.107279
0.153590
0.254043
0.049377
0.486237
0.051188
0.000047
0.015608
0.002719
0.127579
0.724320
0.518629
0.003477
0.037031
0.000007
0.019138
0.692841
0.023432
0.364633
0.005237
0.564577
0.508292
0.000340
0.203145
0.030041
0.811772
0.053227
0.478476
0.101853
0.737040
0.257225
0.281909
0.578795
0.803162
0.158885
0.053602
0.462384
0.946280
0.669090
0.019797
0.060405
0.479565
0.057309
0.067219
0.343167
0.077176
0.657473
0.000948
0.061207
0.797788
0.000000
0.482622
0.593569
0.517614
0.611133
0.572024
0.868040
0.330878
0.141113
0.168845
0.096831
0.581720
0.719088
0.109156
0.002111
0.990531
0.004106
0.551036
0.362401
0.730693
0.195244
0.494940
0.056653
0.449099
0.319493
0.040186
0.928367
0.080925
0.312560
0.542181
0.033408
0.002359
0.752832
0.733120
0.596745
0.056712
0.922621
0.102628
0.015502
0.175056
0.000002
0.204840
0.397393
0.733235
0.280278
0.107315
0.128893
0.540576
0.086101
0.597569
0.053227
