0.016144
0.016594
0.016895
0.024670
0.012439
0.012340
0.023800
0.024654
0.046236
0.036785
0.019146
0.022515
0.058438
0.181311
0.207958
0.190309
0.204710
0.167209
0.000000
0.000000
0.000000
0.000000
0.000000
0.000000
0.000000
0.000000
0.000000
0.000000
0.000000
0.000000
0.000000
0.000000
0.000000
0.000000
0.000000
0.000000
0.700145
0.707237
0.848034
0.982505
0.707092
0.765859
0.778031
0.547271
0.680245
0.725197
0.850129
0.720510
0.854595
0.680245
0.611446
0.699040
0.792629
0.869233
0.184163
0.163002
0.118204
0.088052
0.086868
0.109029
0.280980
0.254263
0.239959
0.865324
0.795801
0.918014
0.967129
0.833682
0.695924
0.534216
0.410714
0.527581
