0.101680
0.177289
0.031282
0.284653
0.103866
0.187792
0.186144
0.315393
0.312013
0.189476
0.151282
0.176223
0.705185
0.584205
0.704997
0.887018
0.965325
0.938684
0.586068
0.587358
0.488298
0.747430
0.516567
0.898965
0.807257
0.641201
0.866776
0.893291
0.804728
0.746668
0.758549
0.905453
0.150139
0.136176
0.069252
0.283454
0.493721
0.291165
0.983012
0.103764
0.246353
0.852192
0.400415
0.111874
0.725508
0.482906
0.909815
0.275252
0.000000
0.000000
0.000000
0.000000
0.000000
0.000000
0.000000
0.000000
0.520876
0.958485
0.929196
0.448131
0.217450
0.411217
0.434327
0.593928
0.842566
0.961728
0.611515
0.632400
0.945279
0.204318
0.095447
0.748693
0.226031
0.127720
0.810007
0.599940
0.046857
0.073596
0.723155
0.145766
