0.129927
0.394546
0.046211
0.049081
0.149004
0.414628
0.305239
0.560052
0.325755
0.008419
0.727104
0.637424
0.157363
0.531780
0.515361
0.956335
0.602164
0.097152
0.000016
0.041282
0.766502
0.050560
0.176504
0.050204
0.004087
0.669919
0.136760
0.054417
0.788773
0.169572
0.175003
0.274203
0.210120
0.423050
0.000106
0.000868
0.882405
0.825019
0.089483
0.086535
0.108090
0.609598
0.085927
0.053433
0.174203
0.413016
0.903823
0.595686
0.682223
0.591806
0.507285
0.357137
0.000373
0.315084
0.694725
0.028038
0.114066
0.637068
0.156632
0.492289
0.272605
0.385793
0.147748
0.494277
0.085985
0.028495
0.255269
0.094859
0.147748
0.598982
0.125873
0.021748
0.837227
0.072934
0.140712
0.418979
0.011304
0.878947
0.299341
0.611606
0.074977
0.459071
0.737961
0.196181
0.458218
0.971291
0.413922
0.488763
0.018838
0.068667
0.145446
0.027244
0.302771
0.085553
0.063476
0.000482
0.063279
0.276038
0.168793
0.466140
0.002290
0.119322
0.452269
0.929888
0.147054
0.822023
0.952630
0.774101
0.975362
0.679268
0.231666
0.367155
0.001700
0.006627
0.861308
0.116990
0.509299
0.829225
0.819009
0.132692
0.070240
0.076212
0.150221
0.952741
0.503824
0.668379
0.161165
0.753401
0.896209
0.000042
0.046276
0.539889
0.232068
0.715124
0.008328
0.488543
0.616335
0.746562
0.000005
0.327572
0.005276
0.349380
0.258974
0.079514
0.071600
0.001025
0.149518
0.072934
0.002153
0.049500
0.053470
0.083702
0.577510
0.688126
0.142725
0.013378
0.307057
0.152968
0.465495
0.905823
0.046194
0.096191
0.523942
0.245446
0.768855
0.017116
0.307472
0.128440
0.718506
0.159131
0.831569
0.032120
0.885993
0.428684
0.438827
0.221589
0.004681
0.025871
0.746905
0.132185
0.698372
0.656524
0.103714
0.336587
0.042254
0.003238
0.659964
0.270410
0.327052
0.398180
0.129554
0.025833
0.391615
0.097474
0.693665
0.127948
0.153064
0.071063
0.260511
0.011143
0.849111
0.183614
0.118591
0.258974
0.211800
0.673116
0.974903
0.806684
0.130426
0.452058
0.011173
0.456621
0.248758
0.287477
0.367342
0.026189
0.211675
0.025728
0.001864
0.052966
0.699547
0.104638
0.002019
0.285900
0.424889
0.005016
0.783729
0.075361
0.348565
0.102425
0.756578
0.313736
0.286058
0.068033
0.369499
0.000203
0.634814
0.007580
0.073009
0.186073
0.068549
0.421623
0.684585
0.284173
0.571092
0.382806
0.005818
0.729999
0.076134
0.204901
0.228997
0.224778
0.091356
0.458431
0.335087
0.521452
0.326014
0.021928
0.057771
0.303099
0.573540
0.000691
0.152349
0.485579
0.534402
0.600160
0.160071
0.034682
0.278962
0.209996
0.007305
0.016725
0.003060
0.940064
0.519419
0.818279
0.012499
0.490525
0.205266
0.743129
0.593452
0.189470
0.322142
0.165451
0.298609
0.036368
0.687772
0.323859
0.728842
0.020438
0.599100
0.951958
0.461956
0.027679
0.526209
0.104638
0.119862
0.054934
0.735658
0.009730
0.176020
0.702014
0.277574
0.502933
0.080925
0.046772
0.978119
0.305982
0.130593
0.538858
0.508404
0.703422
0.128852
0.938212
0.037570
0.200861
0.948989
0.738536
0.372325
0.432602
0.439452
0.969765
0.315590
0.057751
0.196181
0.908747
0.082581
0.771873
0.131136
0.894788
0.013094
0.028151
0.498486
0.637186
0.964290
0.355943
0.007171
0.080543
0.035228
0.261319
0.093388
0.689305
0.903742
0.057150
0.109191
0.682696
0.101484
0.372325
0.078924
0.409302
0.644542
0.096734
0.034319
0.594275
0.825637
0.291605
0.119901
0.507956
0.719321
0.856841
0.105605
0.542754
0.012796
0.244746
0.270485
0.760875
0.278499
0.563880
0.058440
0.396803
0.119862
0.129347
0.147609
0.006373
0.838931
0.486237
0.768743
0.557042
0.182394
0.388989
0.612197
0.328962
0.191935
0.854539
0.078284
0.071796
0.449627
0.085697
0.198125
0.121969
0.637068
0.010812
0.469910
0.621661
0.004722
0.113179
0.568763
0.173247
0.087469
0.490194
0.265389
0.008721
0.529617
0.378687
0.306312
0.334911
0.968457
0.263829
0.257661
0.449733
0.534744
0.000962
0.500929
0.066002
0.598982
0.100817
0.382710
0.336587
0.398279
0.161615
0.451529
0.013260
0.333680
0.297231
0.086419
0.183225
0.814405
0.025996
0.552420
0.696608
0.285036
0.218436
0.026510
0.461635
0.678795
0.124987
0.565158
0.000049
0.092552
0.388892
0.840827
0.111460
0.581954
0.396803
0.363888
0.039798
0.041549
0.801769
0.036028
0.809658
0.023077
0.916577
0.698489
0.431775
0.099626
0.330791
0.160817
0.013900
0.258390
0.495272
0.802198
0.835920
0.015596
0.077597
0.418573
0.417762
0.357413
0.704595
0.032308
0.081915
0.946160
0.000766
0.092768
0.202542
0.306395
0.631376
0.087557
0.196240
0.114325
0.020989
0.091112
0.118284
0.510980
0.067869
0.830551
0.193961
0.013569
0.272757
0.149237
0.647271
0.004681
0.058257
0.089603
0.190556
0.134606
0.493393
0.167244
0.101384
0.880903
0.015847
0.885819
0.049395
0.821089
0.044137
0.078099
0.072760
0.120561
0.020911
0.556463
0.046972
0.357229
0.117864
0.114437
0.911935
0.120444
0.058014
0.167914
0.611724
0.363888
0.676903
0.409101
0.000459
0.693665
0.003357
0.206486
0.082581
0.042909
0.582891
0.083084
0.029023
0.246148
0.384057
0.679978
0.236395
0.561443
0.414628
0.044294
0.201880
0.288742
0.094324
0.714891
0.194311
0.251390
0.864223
0.032878
0.198184
0.481966
0.034120
0.305156
0.200443
0.226090
0.047576
0.004974
0.358702
0.012023
0.000333
0.825122
0.004244
0.719437
0.002485
0.633984
0.006066
0.129761
0.107843
0.387244
0.563184
0.401636
0.283235
0.059840
0.033372
0.047323
0.502487
0.010186
0.000237
0.247274
0.582774
0.310718
0.811350
0.229064
0.000225
0.426221
0.060112
0.056554
0.497709
0.690956
0.659845
0.003093
0.634696
0.441958
0.141872
0.354112
0.611724
