0.969678
0.785444
0.943294
0.806559
0.598072
0.267277
0.153493
0.263249
0.578436
0.618006
0.505212
0.448299
0.601415
0.819672
0.907661
0.886874
0.768525
0.621196
0.746346
0.935960
0.693174
0.402178
0.523998
0.449580
0.128284
0.133231
0.490786
0.161410
0.114455
0.420714
0.556472
0.533695
0.967925
0.541649
0.654402
0.948419
0.945305
0.902104
0.734928
0.689530
0.788722
0.995510
0.729188
0.705291
0.952515
0.421447
0.624187
0.789999
0.454235
0.518852
0.689530
0.778886
0.862671
0.578179
0.831503
0.841585
0.662446
0.575380
0.917796
0.891398
0.737897
0.654936
0.979415
0.245593
0.297039
0.467240
0.584970
0.692370
0.732117
0.709795
0.862480
0.870747
