0.700144
0.198140
0.265087
0.111849
0.588870
0.843417
0.573991
0.387751
0.000000
0.000000
0.000000
0.000000
0.000000
0.000000
0.000000
0.000000
0.475340
0.339128
0.660009
0.340384
0.510372
0.688421
0.198625
0.601489
0.000000
0.000000
0.000000
0.000000
0.000000
0.000000
0.000000
0.000000
0.331250
0.525812
0.879059
0.537392
0.702143
0.032461
0.247699
0.700037
0.009102
0.095776
0.142513
0.610447
0.519724
0.757255
0.386344
0.148182
0.501691
0.203538
0.488028
0.086327
0.202534
0.124239
0.691323
0.408900
0.200061
0.269490
0.915105
0.980625
0.555378
0.211939
0.902546
0.848868
0.000000
0.000000
0.000000
0.000000
0.000000
0.000000
0.000000
0.000000
0.651196
0.910386
0.236546
0.496854
0.442075
0.076178
0.042415
0.396979
