0.154333
0.306891
0.441901
0.470307
0.434582
0.345601
0.274212
0.171333
0.077666
0.173481
0.116028
0.139764
0.312570
0.490852
0.498799
0.467200
0.607156
0.686598
0.627723
0.706251
0.959300
0.646513
0.415830
0.383414
0.549877
0.702142
0.854016
0.740497
0.766126
0.982493
0.996301
0.854016
0.756050
0.683088
0.814696
0.791179
0.625542
0.747940
0.608626
0.511366
0.575429
0.599374
0.642763
0.980890
0.851903
0.966908
0.573514
0.577796
0.765755
0.803421
0.560796
0.257054
0.224061
0.503414
0.917267
0.976784
0.468313
0.311207
0.498881
0.394215
0.299112
0.291804
0.404256
0.701564
0.886164
0.443585
0.232949
0.166800
0.236965
0.639144
0.907332
0.947691
0.580645
0.585694
0.763824
0.821098
0.711107
0.858343
0.881497
0.665006
0.470158
0.697358
0.369132
0.351494
0.689921
0.697358
0.814590
0.775603
0.661746
0.705967
0.443398
0.391761
0.408927
0.440277
0.669680
0.960634
0.879312
0.880141
0.854937
0.657043
0.844589
0.726035
0.960634
0.827705
0.740841
0.690332
0.690727
0.652894
0.346852
0.625719
0.884775
0.966167
0.697619
0.533377
0.646691
0.390556
0.107893
0.212766
0.371633
0.666177
0.563748
0.742726
0.889161
0.468699
0.260165
0.262263
0.919227
0.538633
0.258736
0.207432
0.376317
0.700406
0.757373
0.809247
0.598065
0.662625
0.211676
0.210573
0.237284
0.560754
0.912709
0.911678
0.781833
0.730919
0.681811
0.382695
0.290793
0.320433
0.265838
0.207064
0.502944
0.921271
0.830562
0.507114
0.536768
0.605329
0.296804
0.118275
0.074964
0.073086
0.237071
0.461153
0.000000
0.000000
0.000000
0.000000
0.000000
0.000000
0.000000
0.000000
0.000000
0.000000
0.000000
0.000000
0.000000
0.000000
0.000000
0.000000
0.000000
0.000000
