0.975261
0.868889
0.790263
0.448338
0.319987
0.693084
0.567445
0.268156
0.165999
0.092274
0.183919
0.179022
0.121989
0.103802
0.094804
0.079191
0.069406
0.102415
0.000000
0.000000
0.000000
0.000000
0.000000
0.000000
0.000000
0.000000
0.000000
0.000000
0.000000
0.000000
0.000000
0.000000
0.000000
0.000000
0.000000
0.000000
0.125243
0.104093
0.119814
0.227959
0.408238
0.562860
0.520033
0.237614
0.116318
0.267633
0.801480
0.376012
0.549473
0.481539
0.550609
0.663159
0.793037
0.997446
0.000000
0.000000
0.000000
0.000000
0.000000
0.000000
0.000000
0.000000
0.000000
0.000000
0.000000
0.000000
0.000000
0.000000
0.000000
0.000000
0.000000
0.000000
