0.562500
0.919563
0.864008
0.568000
0.414200
0.436553
0.919342
0.461218
0.695717
0.066946
0.207754
0.489923
0.543943
0.670533
0.677530
0.507803
0.383399
0.269877
0.259670
0.306526
0.328068
0.548666
0.913599
0.821550
0.668200
0.601653
0.599986
0.405500
0.524210
0.734112
0.821550
0.837615
0.662699
0.829250
0.800938
0.589567
0.429240
0.370205
0.476804
0.805932
0.848423
0.828425
0.967703
0.625648
0.319302
0.927861
0.453727
0.331184
0.164048
0.054685
0.062135
0.142988
0.201285
0.326693
0.776859
0.900216
0.820200
0.704106
0.931469
0.945124
0.881308
0.958074
0.584837
0.017190
0.017575
0.144516
0.346860
0.415392
0.545848
0.843182
0.990621
0.754387
