0.000000
0.000000
0.000000
0.000000
0.000000
0.000000
0.000000
0.000000
0.000000
0.000000
0.000000
0.000000
0.000000
0.000000
0.000000
0.000000
0.000000
0.000000
0.527963
0.572615
0.714751
0.604440
0.236286
0.123966
0.272822
0.576455
0.423324
0.223345
0.243900
0.247572
0.370647
0.370685
0.373358
0.428881
0.287417
0.379997
0.579751
0.561617
0.822704
0.836385
0.725396
0.957648
0.987467
0.496902
0.429338
0.943994
0.863140
0.682962
0.399206
0.558261
0.819878
0.714867
0.617909
0.562383
0.385897
0.326449
0.240127
0.104859
0.044116
0.045886
0.125029
0.168808
0.220991
0.759624
0.758980
0.784337
0.476375
0.255116
0.137335
0.126633
0.108495
0.075547
0.965366
0.806462
0.644240
0.766554
0.853232
0.897701
0.816394
0.868645
0.829896
0.496309
0.740826
0.353022
0.241747
0.237369
0.212427
0.325538
0.426573
0.476402
0.634275
0.692563
0.958137
0.697219
0.752430
0.942973
0.423574
0.404040
0.823012
0.073553
0.283345
0.711874
0.948149
0.730762
0.670552
0.716851
0.718967
0.691786
0.460689
0.745851
0.867069
0.787694
0.693367
0.214649
0.090086
0.171982
0.468939
0.646475
0.759131
0.931175
0.577819
0.753656
0.232602
0.272192
0.309641
0.260956
0.876387
0.855460
0.673769
0.637964
0.653469
0.771135
0.639444
0.354594
0.578320
0.214994
0.075507
0.080185
0.113253
0.199595
0.175855
0.180237
0.294279
0.550989
0.289900
0.259873
0.375617
0.609084
0.583083
0.645114
0.964757
0.841757
0.410320
0.099627
0.087033
0.484184
0.654071
0.438971
0.702242
0.808740
0.724172
0.939514
0.000000
0.000000
0.000000
0.000000
0.000000
0.000000
0.000000
0.000000
0.000000
0.000000
0.000000
0.000000
0.000000
0.000000
0.000000
0.000000
0.000000
0.000000
