0.090302
0.639690
0.455796
0.947886
0.798910
0.596124
0.577249
0.812035
0.267190
0.420907
0.782604
0.456613
0.960832
0.465914
0.640646
0.966278
0.644055
0.915544
0.251342
0.876889
0.659140
0.109210
0.220242
0.180072
0.850398
0.696240
0.521975
0.516246
0.450901
0.129434
0.106239
0.329058
0.203001
0.583415
0.958182
0.926695
0.283211
0.344173
0.507571
0.102598
0.700449
0.531502
0.675473
0.396957
0.583918
0.757686
0.583714
0.773488
0.454776
0.352564
0.355303
0.341565
0.809972
0.727824
0.437063
0.435328
0.277915
0.541427
0.309871
0.070097
0.068828
0.135521
0.056061
0.023182
0.000000
0.000000
0.000000
0.000000
0.000000
0.000000
0.000000
0.000000
0.254034
0.536987
0.610699
0.826166
0.639297
0.621670
0.139455
0.667935
