0.172081
0.144783
0.164958
0.119574
0.044476
0.014330
0.007180
0.014667
0.107151
0.056697
0.010757
0.015975
0.039780
0.049602
0.109965
0.241048
0.299390
0.400720
0.582123
0.533271
0.660303
0.587176
0.310393
0.105268
0.024654
0.035723
0.066251
0.407487
0.908952
0.681290
0.590801
0.754948
0.883454
0.865164
0.874394
0.989546
0.960413
0.791623
0.914620
0.989060
0.921507
0.986286
0.669302
0.164041
0.050518
0.891478
0.722989
0.457874
0.104297
0.021210
0.011410
0.013909
0.025291
0.050250
0.240044
0.225187
0.228614
0.333351
0.669819
0.987352
0.625786
0.424246
0.367204
0.304164
0.265338
0.470220
0.686045
0.726710
0.954621
0.825083
0.708701
0.894797
