0.000000
0.000000
0.000000
0.000000
0.000000
0.000000
0.000000
0.000000
0.000000
0.000000
0.000000
0.000000
0.000000
0.000000
0.000000
0.000000
0.000000
0.000000
0.000000
0.000000
0.000000
0.000000
0.000000
0.000000
0.845996
0.377127
0.578578
0.456146
0.951454
0.870672
0.253169
0.687638
0.544374
0.583663
0.170000
0.586102
0.440751
0.604042
0.049632
0.121315
0.129082
0.908133
0.384760
0.339752
0.362230
0.517748
0.641381
0.712902
0.141847
0.489010
0.295052
0.308593
0.629579
0.096040
0.579646
0.904716
0.021212
0.063515
0.511724
0.317667
0.274122
0.634008
0.776844
0.752612
0.989115
0.591073
0.702155
0.991066
0.900404
0.278208
0.219972
0.979480
0.000000
0.000000
0.000000
0.000000
0.000000
0.000000
0.000000
0.000000
