0.000000
0.000000
0.000000
0.000000
0.000000
0.000000
0.000000
0.000000
0.000000
0.000000
0.000000
0.000000
0.000000
0.000000
0.000000
0.000000
0.000000
0.000000
0.895792
0.976404
0.942108
0.847403
0.615769
0.389920
0.244563
0.198805
0.098361
0.694499
0.712514
0.433574
0.153058
0.142272
0.221073
0.302865
0.393366
0.298388
0.643630
0.339806
0.277770
0.206625
0.089562
0.113392
0.383954
0.460533
0.768017
0.365692
0.152566
0.080107
0.137145
0.145619
0.116133
0.124043
0.198940
0.347440
0.910118
0.759669
0.851053
0.994910
0.893406
0.968106
0.969810
0.723160
0.898985
0.719092
0.359597
0.384035
0.592113
0.734975
0.711390
0.565251
0.367399
0.478864
