0.468589
0.349073
0.181628
0.121538
0.070533
0.057816
0.035558
0.024795
0.076762
0.794003
0.557693
0.979297
0.921382
0.877030
0.599678
0.454251
0.308302
0.207827
0.952963
0.683147
0.729569
0.934252
0.983830
0.935893
0.754508
0.193997
0.013798
0.020862
0.253921
0.327634
0.112811
0.088671
0.186857
0.221483
0.167123
0.189369
0.612070
0.797358
0.681671
0.451183
0.358639
0.137755
0.068068
0.216224
0.878403
0.082931
0.137040
0.386127
0.699861
0.604125
0.655658
0.590935
0.257461
0.331573
0.003608
0.003772
0.019352
0.084633
0.054517
0.029938
0.057185
0.104637
0.378923
0.844978
0.832367
0.895645
0.630964
0.579579
0.723544
0.945955
0.994965
0.775999
