[array([[[ 0.45261696, -0.62919164]],

       [[-0.7151675 ,  0.9887095 ]]], dtype=float32), array([-0.14101256, -0.0162202 ], dtype=float32), array([[[ 0.21520078, -0.16752474],
        [ 0.68718183, -0.35094595]],

       [[ 0.2541881 ,  0.33210248],
        [ 0.6592784 , -0.5360706 ]]], dtype=float32), array([-0.10043451,  0.00104874], dtype=float32), array([[[ 0.03204183,  0.12095566, -0.07627245,  0.11849809],
        [-0.35226378, -0.24779977, -0.28378853, -0.02392932]],

       [[ 0.03718419, -0.0749017 , -0.48679173,  0.27796668],
        [ 0.3719861 , -0.51952016, -0.13754885, -0.353212  ]]],
      dtype=float32), array([0.06730295, 0.1037091 , 0.06942873, 0.05852008], dtype=float32), array([[[ 0.0008758 ,  0.08303763, -0.14637467, -0.1701552 ],
        [-0.15867925,  0.23277336,  0.26882955,  0.59591246],
        [-0.18443869,  0.12129445,  0.15978028, -0.53854996],
        [-0.34974304,  0.62716883, -0.36310077,  0.20128818]],

       [[ 0.10944361, -0.44982305,  0.12492619, -0.20855519],
        [ 0.08815438, -0.3007206 ,  0.4391347 ,  0.15696315],
        [ 0.14513995, -0.0902196 ,  0.57174355, -0.16214761],
        [ 0.48312607,  0.5444727 ,  0.14001496, -0.2609134 ]]],
      dtype=float32), array([-0.01750474, -0.02717088,  0.02717089, -0.07011034], dtype=float32), array([[ 0.393793  , -0.6978245 ],
       [-0.3169257 ,  0.6596386 ],
       [-0.6288569 , -0.21176653],
       [ 0.07111023,  0.6344111 ],
       [-0.1587844 ,  0.35409805],
       [ 0.33368918,  0.07193051],
       [ 0.04101256, -0.22334576],
       [-0.6646114 , -0.31466126]], dtype=float32), array([-0.0271709, -0.0271709], dtype=float32), array([[0.12472135],
       [0.2577909 ]], dtype=float32), array([-0.0271709], dtype=float32)]