[array([[ 0.2860259 ,  0.48123872,  0.50034904,  0.14696798, -0.26782003,
        -0.15193231, -0.14742197,  0.63623893, -0.52294916, -0.60997015],
       [ 0.5723335 ,  0.40205762,  0.6145429 ,  0.5194454 , -0.8084825 ,
         0.4248113 ,  0.2318265 ,  0.7421873 , -0.77381885, -0.80503476]],
      dtype=float32), array([ 0.3917625 ,  0.16972598,  0.29398552,  0.34287795, -0.27821055,
        0.34460786,  0.3868687 ,  0.33607092, -0.30614942, -0.27729353],
      dtype=float32), array([[ 4.41388071e-01,  2.12159812e-01, -4.08913940e-02,
        -1.71300722e-03, -9.84520167e-02, -8.76102686e-01,
         8.00320864e-01,  3.38450283e-01,  1.42781615e-01,
        -3.33454669e-01],
       [ 8.47218692e-01, -3.57916147e-01,  7.10951328e-01,
        -1.01770729e-01, -4.35186267e-01,  1.53983951e-01,
         6.11494958e-01, -6.86316267e-02,  6.58468008e-01,
        -7.41248190e-01],
       [ 4.13372368e-01, -8.28245342e-01,  6.50284410e-01,
        -1.25361696e-01, -8.06638360e-01,  6.73915744e-02,
         6.85897768e-01,  8.01925659e-01,  3.08175143e-02,
        -6.71080589e-01],
       [ 2.71914184e-01, -5.24968684e-01,  2.26872995e-01,
        -1.08983457e-01,  1.34959176e-01, -2.22375721e-01,
         8.37613165e-01,  2.22336397e-01,  4.00536001e-01,
        -5.10230362e-01],
       [-9.14096534e-01, -1.53318765e-02, -3.67848754e-01,
         8.40259552e-01, -1.25094414e-01,  8.15313518e-01,
         2.58972012e-02,  9.74276662e-02, -5.78884780e-01,
        -4.50737076e-04],
       [ 6.97270691e-01, -6.62324846e-01,  7.08799601e-01,
        -2.32679263e-01, -6.50392413e-01, -3.65979731e-01,
         5.42351127e-01,  3.83919775e-01,  8.24467540e-01,
         9.57847834e-02],
       [ 4.05064672e-01,  3.39472175e-01,  8.71241927e-01,
        -5.61819196e-01,  4.49026823e-01, -6.02089688e-02,
         6.45770967e-01,  4.03280891e-02,  5.18868566e-01,
        -3.31929237e-01],
       [-5.77135347e-02, -8.29550445e-01,  6.40938461e-01,
         8.96014869e-02, -6.16840661e-01,  9.18302089e-02,
         8.21453154e-01,  8.01986873e-01,  4.68580097e-01,
        -6.27347767e-01],
       [-6.95204735e-01,  6.14578605e-01, -3.75356704e-01,
        -1.33793466e-02,  6.61156714e-01,  7.93277264e-01,
        -7.03239381e-01, -1.09128892e-01, -4.44991797e-01,
         7.36478686e-01],
       [-5.39038718e-01, -5.79144899e-03, -1.19227104e-01,
         7.61063755e-01, -1.54748559e-01,  7.95601159e-02,
        -2.88960785e-01, -8.60059321e-01, -5.14320612e-01,
        -9.14367586e-02]], dtype=float32), array([ 0.37692487, -0.2577832 ,  0.1140649 , -0.25379458, -0.28998744,
       -0.22412415,  0.35295236,  0.37806252,  0.31252876, -0.23765497],
      dtype=float32), array([[ 0.62115467, -0.4683573 ,  0.14465138, -0.63331926, -0.09042682,
         0.13038588,  0.04415039,  0.7989618 , -0.7087192 ,  0.6428562 ],
       [-0.41541782, -0.16130495, -0.04833994,  0.52470577,  0.19462107,
        -0.17697884,  0.2571444 , -0.82343614,  0.37695056, -0.05426065],
       [ 0.25798577, -0.4795965 , -0.21396081, -0.6982428 ,  0.08868854,
        -0.85143596, -0.75922364,  0.8719672 , -0.5392202 , -0.18212771],
       [-0.18145245,  0.3287424 , -0.32687265, -0.70123166, -0.17533934,
        -0.6841511 , -0.00890041, -0.25817987, -0.6796342 ,  0.30103567],
       [-0.83368975,  0.75908226,  0.7717528 ,  0.31226417,  0.56316626,
        -0.1881725 ,  0.7505883 , -0.45217267,  0.66178626, -0.787915  ],
       [-0.43418664, -0.42527744,  0.3944255 ,  0.22446404,  0.1944525 ,
         0.27562577,  0.23759629, -0.18006712, -0.1451343 , -0.38792717],
       [ 0.7779989 , -0.72430915, -0.37918153,  0.237459  , -0.68265665,
        -0.0021659 , -0.28169787,  0.11041849,  0.20485222,  0.15867414],
       [ 0.70099777, -0.2478148 , -0.6205853 , -0.4190392 , -0.77694154,
         0.07488628, -0.41183385,  0.13886125, -0.51797146,  0.64001733],
       [ 0.7561183 , -0.5023912 ,  0.11926093, -0.43012047, -0.45496157,
        -0.2858252 ,  0.08645505,  0.6735922 , -0.62259334, -0.10557521],
       [-0.6281533 , -0.21034265,  0.49877295,  0.1500692 ,  0.20584594,
         0.5710057 ,  0.23135628,  0.12308125,  0.5321592 ,  0.12415465]],
      dtype=float32), array([ 0.36510333, -0.2215404 , -0.17734613, -0.21078706, -0.23395094,
       -0.2041136 , -0.18499632,  0.39232495, -0.22083095,  0.3543527 ],
      dtype=float32), array([[ 0.38499343, -0.4395638 ,  0.9155008 , -0.21146937,  0.8165075 ,
        -0.8175072 ,  0.6350989 ,  0.7479567 ,  0.33454758, -0.896039  ],
       [-0.51237506,  0.58764935, -0.8933869 , -0.2700145 , -0.3595655 ,
         0.32140183, -0.15392834, -0.28209826, -0.5323816 ,  0.48651144],
       [-0.31703758, -0.22799021, -0.37944904, -0.35534188, -0.18628052,
         0.657404  , -0.2897951 , -0.7315504 , -0.5816617 , -0.2520964 ],
       [-0.22716297,  0.04947033, -0.2529015 ,  0.2648624 , -0.65799713,
         0.17996073, -0.49864975, -0.5742699 ,  0.1247744 ,  0.00395325],
       [-0.64351946,  0.501057  , -0.8456311 ,  0.45482853, -0.7845298 ,
        -0.2642542 , -0.13984996, -0.9491925 , -0.40391663,  0.17872742],
       [-0.7440915 ,  0.75450486, -0.5572481 ,  0.5757192 , -0.3109563 ,
         0.6009771 , -0.24811023, -0.6947398 , -0.7653448 , -0.1702238 ],
       [-0.35474896,  0.19891992, -0.809596  ,  0.24604124, -0.6064145 ,
         0.06454813,  0.33639047, -0.30719683, -0.73832536,  0.5223756 ],
       [ 0.69914544,  0.20257643,  0.10234107, -0.56721616, -0.12677255,
        -0.68149   ,  0.35300243,  0.6511115 ,  0.67738956, -0.01765659],
       [-0.73901826,  0.79866743, -0.12361967,  0.5828031 , -0.72967416,
         0.10173572, -0.05122963, -0.55384344, -0.15859629,  0.15491906],
       [ 0.39235708,  0.45781258,  0.32922587, -0.1672967 ,  0.42487657,
         0.1392783 ,  0.8170227 ,  0.1919193 , -0.00306289, -0.151836  ]],
      dtype=float32), array([ 0.32096514, -0.22693807,  0.28839773, -0.11860993,  0.32557353,
       -0.12001792,  0.09136517,  0.38303122,  0.37212357, -0.13994499],
      dtype=float32), array([[-0.67897063, -0.23969252,  0.13264845, -0.20711015, -0.3794269 ,
         0.8211199 , -0.21941918,  0.22485447],
       [ 0.6055227 , -0.40583295, -0.43305275, -0.30661193, -0.20858483,
        -0.74240273,  0.73632663,  0.05711925],
       [-0.30935973,  0.7129768 , -0.5831948 , -0.28991735, -0.77442   ,
         0.9174028 , -0.2546979 ,  0.10980284],
       [ 0.28771186,  0.17417264,  0.48810235,  0.2822814 ,  0.29047722,
        -0.2146204 ,  0.23211917,  0.13103867],
       [-0.16188148,  0.6634022 , -0.06277251, -0.10517185,  0.3003542 ,
         0.753056  , -0.30825618,  0.09079599],
       [ 0.03631534, -0.67935663,  0.5764455 ,  0.6656955 ,  0.5199858 ,
        -0.4523467 ,  0.6046497 , -0.19169736],
       [-0.04824298, -0.07158525,  0.22763355, -0.49835193, -0.48719266,
         0.33529964, -0.02738127, -0.13790223],
       [ 0.10003515,  0.83553433, -0.3429763 , -0.47378838, -0.3946961 ,
         0.8810188 , -0.57709974,  0.49217117],
       [-0.33102232,  0.69574887,  0.10336434, -0.45957226, -0.5119325 ,
         0.3048229 , -0.60299164, -0.5254451 ],
       [ 0.7990291 , -0.28905103,  0.06677117, -0.32615376, -0.14368576,
        -0.42622918,  0.82892793,  0.32066905]], dtype=float32), array([-0.02699092,  0.31964722, -0.04910208, -0.01891829, -0.10468677,
        0.34525716, -0.16782463,  0.        ], dtype=float32)]