[array([[-0.7137676 ,  0.5850102 , -0.31515238, -0.13612457,  0.6129177 ,
         0.11539208, -0.55075556,  0.56650066,  0.2787145 ,  0.42510352],
       [-0.09132382,  0.47806832,  0.21122411, -0.46958134,  0.06891988,
        -0.17122777,  0.36629117,  0.26900208,  0.0978277 , -0.5347274 ]],
      dtype=float32), array([-0.01466612, -0.04871889,  0.01268406,  0.00451843,  0.01378354,
        0.0111346 , -0.00133541, -0.00645584,  0.02711109, -0.02328348],
      dtype=float32), array([[-0.3517431 , -0.08032197,  0.03889706, -0.52042305, -0.07302547,
        -0.01731331,  0.35850495,  0.44061723, -0.01280548, -0.30912817],
       [-0.45063114,  0.24074386, -0.29316372, -0.21352737, -0.3926981 ,
        -0.54340756,  0.35761204,  0.3358249 ,  0.4781038 ,  0.39466852],
       [-0.09135071,  0.5064109 ,  0.26075408,  0.4536884 ,  0.11820979,
        -0.08875699,  0.01918545, -0.3301718 , -0.30349654, -0.53564835],
       [ 0.5138405 ,  0.40443042, -0.43461815,  0.26285964,  0.46476406,
        -0.39412254,  0.3749391 , -0.22276904, -0.3782547 ,  0.13697356],
       [ 0.46461898, -0.13334678,  0.23251562, -0.02761508,  0.49852103,
         0.16355097,  0.104128  , -0.1311724 ,  0.040918  ,  0.01600989],
       [ 0.52270323,  0.07415857,  0.42227912,  0.30569658, -0.22821468,
         0.00457257,  0.07139184, -0.3120954 , -0.5201644 , -0.09120017],
       [ 0.20478284,  0.2805394 , -0.31899568,  0.42915124,  0.40480188,
        -0.1979344 ,  0.10241194, -0.09589259,  0.17729314, -0.36355254],
       [-0.43999487, -0.13404103, -0.22360368,  0.23995054, -0.2646976 ,
        -0.40659252, -0.11499449,  0.17512818,  0.276187  , -0.56156564],
       [ 0.33814836, -0.09954532, -0.02806675,  0.4420468 , -0.27157152,
        -0.00637564,  0.50473624, -0.35272375,  0.5047595 , -0.2404544 ],
       [ 0.46345168, -0.05135502, -0.06035392, -0.142582  , -0.1684225 ,
         0.42123225, -0.13792434,  0.4160079 ,  0.23564358,  0.08461919]],
      dtype=float32), array([ 0.00812821, -0.00784779, -0.0126286 , -0.00409341,  0.01566104,
       -0.03426801, -0.02207136, -0.01416193, -0.01488412, -0.02529514],
      dtype=float32), array([[-0.12631944, -0.32843837, -0.3944591 ,  0.46394446,  0.41088548,
        -0.54754966,  0.04617979,  0.44852656,  0.36665866,  0.12201221],
       [ 0.16861908, -0.08872172,  0.1130531 , -0.07185739,  0.48003373,
         0.20717414, -0.15714118, -0.38131627,  0.32369152,  0.4088881 ],
       [ 0.1399986 ,  0.3377046 ,  0.26724002, -0.03874283,  0.3443035 ,
        -0.51896495, -0.12417842, -0.02171621, -0.33562788, -0.5066364 ],
       [-0.55933213, -0.38943845,  0.35347688,  0.34529263, -0.13408884,
        -0.09277302, -0.52396166,  0.03613663, -0.06985659,  0.35588968],
       [-0.3441407 , -0.1823857 ,  0.22073957, -0.3390434 ,  0.29613206,
        -0.00638191,  0.35202995,  0.15594172,  0.41071063,  0.41434935],
       [ 0.41189587, -0.46022248,  0.32743087,  0.02994154, -0.2846239 ,
         0.3081734 , -0.13943018, -0.2653168 ,  0.42241305, -0.41843262],
       [ 0.22239205, -0.37986776, -0.5643703 ,  0.41887373, -0.22528933,
        -0.2504163 ,  0.55106765,  0.02535073, -0.39048198, -0.4702947 ],
       [ 0.04148099,  0.07558551,  0.31849754,  0.23500247, -0.49310982,
        -0.25661433,  0.17937204,  0.07421378,  0.42940757, -0.2077736 ],
       [ 0.41937777, -0.14690681,  0.09309827, -0.32099056, -0.2220069 ,
         0.37574324, -0.11780617,  0.19804995,  0.23315734,  0.48011154],
       [-0.03690635,  0.17394075,  0.08063535,  0.5463059 ,  0.20490827,
         0.04824133, -0.36216757, -0.09390879,  0.20293841, -0.31791636]],
      dtype=float32), array([-0.0268941 ,  0.01814192, -0.0161375 , -0.01646581, -0.0101047 ,
        0.00775186, -0.00035987,  0.00753108, -0.01965283,  0.03492439],
      dtype=float32), array([[ 0.57362264,  0.01683486, -0.01618559, -0.24655777,  0.04896748,
         0.33967108, -0.23628779, -0.48634186, -0.23820446,  0.49250513],
       [ 0.45783255, -0.36984617,  0.1340086 ,  0.10774405, -0.4864386 ,
         0.2639545 , -0.32375512,  0.3042561 ,  0.46968594, -0.387755  ],
       [-0.3322791 ,  0.35781604,  0.17385504, -0.5142776 ,  0.3006618 ,
         0.12298492,  0.28429237, -0.25802264, -0.10597073,  0.4259925 ],
       [ 0.03968265, -0.20973335, -0.40651542, -0.37821043,  0.2964829 ,
        -0.02009158, -0.43841812,  0.53738654, -0.5086624 , -0.39149028],
       [ 0.52162015,  0.3518375 , -0.24446547, -0.3246653 ,  0.30113328,
        -0.17947814, -0.2967715 , -0.25520408, -0.35769355,  0.2011995 ],
       [ 0.03683798,  0.46562764,  0.28961703,  0.51627964, -0.49920985,
         0.42725846,  0.48404914,  0.2739729 , -0.48384893,  0.38474774],
       [-0.31507263, -0.21623835,  0.41642252,  0.3435749 , -0.3810905 ,
         0.23234315,  0.3789648 , -0.30011258, -0.04364873,  0.5187773 ],
       [-0.4567783 ,  0.06729656,  0.42118913,  0.4043013 , -0.09605818,
        -0.18064767, -0.49394318,  0.4715915 , -0.25691995,  0.03276754],
       [-0.458274  , -0.17389333, -0.07131027,  0.27675682,  0.4815676 ,
         0.07844448,  0.13914031, -0.04597548,  0.13708846,  0.39343607],
       [-0.07081686,  0.10640398, -0.12623088, -0.5260966 ,  0.10978002,
         0.48598066,  0.56616974, -0.0919815 ,  0.3604106 , -0.483156  ]],
      dtype=float32), array([ 0.02542272,  0.02651839,  0.02234951, -0.01093587, -0.01547895,
        0.00533281,  0.01768169, -0.00232679, -0.01809654, -0.01793656],
      dtype=float32), array([[ 0.09091894, -0.12429333,  0.36334598, -0.08199518, -0.02455194,
         0.08872034, -0.5232976 , -0.16507238],
       [ 0.46493083, -0.01455205, -0.100059  , -0.5006101 , -0.3429494 ,
         0.49938214, -0.2675813 , -0.32382417],
       [-0.13031872, -0.04946952,  0.25055125, -0.19670501,  0.15487923,
        -0.4844645 ,  0.2138507 ,  0.06632949],
       [-0.19851814, -0.16879137, -0.43208033,  0.52344286, -0.5405514 ,
        -0.21993354,  0.00215647,  0.08114798],
       [ 0.5172371 , -0.5057784 , -0.16137141,  0.45221776, -0.44363654,
         0.1914439 , -0.36996925,  0.42231634],
       [-0.3485009 , -0.36398295, -0.20736271, -0.0081483 ,  0.33672047,
        -0.02302077, -0.51311773,  0.25274852],
       [-0.03541513,  0.47797227, -0.27883098, -0.00421554, -0.14336105,
        -0.26057613,  0.14875689, -0.43706763],
       [ 0.26256827,  0.12781979,  0.00816621,  0.32303867, -0.29173335,
        -0.08051886,  0.55714047, -0.30930907],
       [-0.05546734, -0.58299994, -0.08230399, -0.12949592, -0.37515798,
         0.50506616, -0.15245835,  0.4739916 ],
       [-0.4966646 , -0.37255582,  0.53560513,  0.39554194,  0.42420653,
        -0.09762476, -0.26042205, -0.11030798]], dtype=float32), array([-0.01046564, -0.02495271, -0.04943418, -0.02390425,  0.01828423,
        0.0243154 , -0.01772625,  0.00255227], dtype=float32)]