[array([[[-0.3672066 ,  0.41553175]],

       [[ 0.1120604 ,  1.1704588 ]]], dtype=float32), array([-0.22395034,  0.22140014], dtype=float32), array([[[ 0.33094895, -0.84047496],
        [-0.29710987, -0.19089517]],

       [[-0.0807097 ,  0.5557387 ],
        [ 0.75410825, -0.23213905]]], dtype=float32), array([ 0.22486396, -0.00581056], dtype=float32), array([[[ 0.36434543,  0.92748046,  0.21024567,  0.520029  ],
        [-0.62547404,  0.0328821 ,  0.6081305 , -0.27230987]],

       [[ 0.8664409 , -0.15924384,  0.312311  ,  0.14967188],
        [ 0.38975412, -0.47914863,  0.61555034,  0.31050152]]],
      dtype=float32), array([ 0.14180875, -0.06007494,  0.12855652,  0.4223135 ], dtype=float32), array([[[-0.03543166, -0.5824551 ,  0.26001558,  0.4675904 ],
        [-0.12678373, -0.33781165,  0.2530587 , -0.17785858],
        [-0.57078993, -0.40661752,  0.05402042,  0.6932841 ],
        [-0.6572359 ,  0.20804745,  0.46831033,  0.64571047]],

       [[ 0.10036381, -0.3003056 , -0.4572031 ,  0.79712933],
        [-0.05631779,  0.18224472, -0.41071016,  0.15825011],
        [ 0.24480607,  0.12218982, -0.1748557 ,  0.08961868],
        [-0.23580508,  0.10400611,  0.04909831,  0.00486736]]],
      dtype=float32), array([-0.07042309,  0.        ,  0.19731136,  0.19753961], dtype=float32), array([[-0.59211946, -0.44713932],
       [ 0.56132245, -0.05199099],
       [-1.0222988 ,  1.076071  ],
       [ 0.42472035,  0.01617397]], dtype=float32), array([ 0.19723271, -0.10884292], dtype=float32), array([[ 1.5390213 ],
       [-0.19613561]], dtype=float32), array([0.19802514], dtype=float32)]