0.834508
0.341202
0.189698
0.661031
0.913394
0.555885
0.212676
0.941637
0.105709
0.979542
0.334999
0.782407
0.927600
0.801983
0.963140
0.664587
0.854250
0.614443
0.362030
0.559705
0.962655
0.966890
0.689305
0.726409
0.168223
0.127131
0.601339
0.547925
0.987709
0.762341
0.401438
0.707408
0.818592
0.883548
0.335352
0.516600
0.013357
0.188957
0.310384
0.528139
0.713957
0.799835
0.397983
0.708345
0.363423
0.615625
0.271241
0.096863
0.407502
0.158885
0.813038
0.668379
0.247486
0.113622
0.510195
0.880637
0.473587
0.478693
0.521792
0.272453
0.847448
0.113622
0.847252
0.589105
0.814090
0.674655
0.181181
0.787131
0.456833
0.807642
0.375355
0.788554
0.889275
0.642643
0.854539
0.355393
0.845384
0.851931
0.861025
0.595098
0.460245
0.855884
0.639559
0.844595
0.162316
0.780974
0.124227
0.530186
0.074164
0.422642
0.962313
0.548156
0.999685
0.208513
0.236599
0.895374
0.626517
0.957287
0.899270
0.835113
0.466893
0.709281
0.096031
0.912397
0.960728
0.940570
0.814300
0.920142
0.646440
0.366687
0.970108
0.601339
0.489754
0.973333
0.990321
0.372798
0.195302
0.769191
0.654745
0.325755
0.410905
0.898447
0.470774
0.301379
0.174950
0.722810
0.681987
0.708930
0.878411
0.753969
0.430125
0.950257
0.904064
0.751467
0.659015
0.711854
0.372703
0.624384
0.636475
0.321799
0.920363
0.255341
0.624977
0.852512
0.341023
0.960928
0.575290
0.642643
0.760198
0.157804
0.992843
0.214183
0.981295
0.983907
0.752719
0.251176
0.259559
0.677140
0.021187
0.941637
0.144899
0.255630
0.526209
0.585117
0.621661
0.071625
0.209192
0.534858
0.057731
0.739571
0.790410
0.722927
0.337825
0.189014
0.799727
0.284487
0.390738
0.962995
0.626635
0.164181
0.378306
0.502376
0.906459
0.259925
0.102459
0.806152
0.749531
0.342898
0.718971
0.909998
0.102358
0.803697
0.942384
0.040855
0.486346
0.477170
0.065345
0.129513
0.703539
0.630665
0.121615
0.889017
0.246992
0.572374
0.778984
0.948873
0.738191
0.553921
0.565158
0.819842
0.861308
0.414426
0.459071
0.863380
0.641694
0.863942
0.614088
0.030340
0.610188
0.866927
0.949567
0.646796
0.760198
0.956015
0.847644
0.654745
0.328788
0.299422
0.806471
0.025472
0.702835
0.478149
0.657710
0.805299
0.347391
0.649881
0.440913
0.020716
0.745076
0.152682
0.839231
0.308468
0.800910
0.528480
0.078390
0.744160
0.844003
0.143763
0.533603
0.679859
0.323171
0.092490
0.958176
0.799297
0.722927
0.263681
0.335528
0.447203
0.475214
0.128030
0.855884
0.029986
0.284722
0.793240
0.462813
0.320175
0.713023
0.005765
0.377352
0.081971
0.150551
0.191705
0.177259
0.606410
0.875084
0.235443
0.438410
0.969202
0.437266
0.838230
0.891750
0.393372
0.930574
0.073459
0.528253
0.882757
0.676075
0.073660
0.620358
0.887294
0.820258
0.762341
0.663521
0.899188
0.865811
0.646796
0.488434
0.480001
0.391031
0.827793
0.002105
0.334471
0.159477
0.407602
0.515249
0.661268
0.678441
0.579731
0.182726
0.410404
0.509075
0.440391
0.297312
0.460032
0.996668
0.716991
0.344063
0.286688
0.786145
0.352287
0.741638
0.295293
0.235240
0.484154
0.415335
0.581486
0.476409
0.526890
0.461742
0.199192
0.436746
0.342630
0.904305
0.968941
0.614206
0.096254
0.097442
0.957077
0.966571
0.474455
0.967207
0.809552
0.031493
0.181512
0.896874
0.746677
0.274967
0.770309
0.478476
0.747020
0.335264
0.208574
0.220169
0.893780
0.593099
0.997865
0.580550
0.776657
0.828305
0.414326
0.953185
0.094387
0.023739
0.867484
0.888329
0.309383
0.849988
0.781746
0.926758
0.708345
0.488434
0.918443
0.046458
0.926758
0.578445
0.990044
0.733697
0.405010
0.139032
0.074392
0.258463
0.267553
0.990800
0.603697
0.579614
0.515924
0.727336
0.651542
0.340756
0.769415
0.409402
0.845680
0.284722
0.963237
0.630309
0.589692
0.192570
0.228599
0.829633
0.996951
0.286058
0.407702
0.919036
0.894620
0.451000
0.892174
0.660912
0.527685
0.134221
0.783288
0.883109
0.583828
0.438931
0.447308
0.306395
0.947112
0.321885
0.095649
0.125510
0.644542
0.420706
0.648101
0.353199
0.042695
0.589575
0.194136
0.642999
0.827280
0.296423
0.704947
0.629361
0.183836
0.998087
0.002278
0.098806
0.978576
0.047206
0.168897
0.580901
0.362401
0.002468
0.898941
0.612079
0.708345
0.286924
0.149050
0.738421
0.075669
0.572607
0.510420
0.981869
0.405209
0.423050
0.913547
0.073384
0.507509
0.258682
0.830857
0.215699
0.415032
0.810081
0.336234
0.278345
0.197948
0.114511
0.648101
0.508068
0.187143
0.787569
0.804872
0.366219
0.536686
0.487664
0.686002
0.063038
0.235715
0.520096
0.164080
0.648101
0.338800
0.368748
0.647864
0.151874
0.958745
0.227342
0.722927
0.367623
0.125470
0.905823
0.856267
0.998861
0.613734
0.854731
0.642050
0.612079
0.931665
0.233549
0.795409
0.325151
0.896542
0.904705
0.797464
0.477714
0.809552
0.983404
0.221783
0.795951
0.213868
0.444157
0.693194
0.317792
0.332803
0.997964
0.331315
0.736003
0.187992
0.236463
0.289694
0.286924
0.447940
0.536000
0.525075
0.868410
0.991634
0.086419
0.568763
0.446993
0.809022
0.125792
0.411508
0.398377
0.060049
0.937177
0.648338
0.486127
0.117940
0.266581
0.957550
0.526096
0.779316
0.425401
0.938276
0.453753
0.934352
0.768072
0.865438
0.560400
0.860457
0.288505
0.360178
0.568763
0.944228
0.345949
0.294569
0.927949
0.153064
0.644542
0.079811
0.903098
0.460245
0.634577
0.356310
0.736695
0.088857
0.205327
0.690013
0.627939
0.678204
0.023854
0.386953
0.349018
0.671932
0.629953
0.619293
0.383576
0.898282
0.716408
0.456089
0.745190
0.037045
0.965743
0.940444
0.962558
0.155661
0.882669
0.584179
0.381079
0.922041
0.395428
0.524962
0.288188
0.289694
0.956228
0.655813
0.859034
0.530527
0.942755
0.516037
0.065413
0.788882
0.587814
0.850280
0.421215
0.838731
0.962117
0.271695
0.080298
0.805086
0.682578
0.932814
0.869056
0.356127
0.633273
0.901559
0.845187
0.681987
0.192397
0.630190
0.026354
0.518967
0.208574
0.383287
0.455026
0.816921
0.316520
0.648694
0.909373
0.625450
0.452587
0.901965
0.820778
0.947112
0.058481
0.596745
0.825225
0.447414
0.351832
0.884948
0.881964
0.967207
0.062538
0.196122
0.883109
0.796275
0.953517
0.553112
0.952852
0.216651
0.800373
0.742441
0.773767
0.144899
0.400844
0.851350
0.970914
0.462706
0.502933
0.809234
0.290888
0.759181
0.082637
0.385117
0.823471
0.832787
0.149705
0.444472
0.956228
0.925486
0.492951
0.192397
0.998542
0.606410
0.412312
0.160220
0.358978
0.454920
0.567832
0.902451
0.956707
0.838330
0.246289
0.662216
0.941261
0.138549
0.329049
0.362587
0.939620
0.983760
0.403420
0.899763
0.999571
0.911395
0.460245
0.482403
0.596275
0.529731
0.560052
0.590867
0.597687
0.201400
0.321115
0.754991
0.611133
0.511765
0.744618
0.698137
0.928575
0.048409
0.097152
0.306892
0.135163
0.628057
0.990087
0.890814
0.858273
0.110339
0.964195
0.320346
0.964621
0.587228
0.735312
0.866741
0.230062
0.139076
0.315337
0.556926
0.423356
0.712672
0.509411
0.127171
0.501708
0.360548
0.834002
0.997449
0.875446
0.996334
0.982493
0.680687
0.823678
0.444472
0.972119
0.990531
0.635763
0.668261
0.566320
0.480438
0.737501
0.762567
0.416345
0.179538
0.166987
0.647389
0.690838
0.761552
0.101987
0.839231
0.964574
0.913165
0.046573
0.136760
0.586289
0.745876
0.614561
0.986303
0.859889
0.505498
0.864036
0.504605
0.347391
0.771426
0.959921
0.655338
0.913929
0.996657
0.282143
0.808597
0.371005
0.699312
0.725713
0.935806
0.565971
0.140091
0.371665
0.809764
0.922404
0.819946
0.758842
0.102391
0.185400
0.938469
0.626991
0.095586
0.864784
0.657592
0.196768
0.826870
0.866556
0.318386
0.260805
0.191245
0.795951
0.647864
0.679859
0.385117
0.827383
0.974825
0.876618
0.308800
0.093046
0.593805
0.327486
0.945380
0.677849
0.977186
0.972119
0.788335
0.432705
0.608181
0.528594
0.301952
0.953241
0.422336
0.887467
0.572957
0.550229
0.708228
0.496490
0.670748
0.781084
0.470234
0.726409
0.574357
0.819842
0.944776
0.314072
0.817235
0.844299
0.488763
0.461421
0.392493
0.898530
0.913776
0.699900
0.945139
0.426836
0.636831
0.584297
0.096191
0.743358
0.522018
0.451846
0.948114
0.932274
0.957235
0.946816
0.888415
0.730462
0.993629
0.944654
0.697902
0.494940
0.347752
0.986566
0.554152
0.366313
0.931053
0.287635
0.036619
0.123987
0.875356
0.626991
0.965372
0.446046
0.330093
0.558662
0.114325
0.948640
0.660675
0.663995
0.742326
0.954721
0.593687
0.787022
0.491958
0.713840
0.807854
0.730925
0.977186
0.836121
0.143718
0.396999
0.747819
0.932071
0.982892
0.489314
0.595334
0.749987
0.757371
0.286058
0.927250
0.438410
0.865625
0.321115
0.878858
0.745876
0.809446
0.389863
0.966388
0.701779
0.195829
0.902208
0.322656
0.197889
0.514124
0.208205
0.685884
0.352743
0.432602
0.440078
0.674418
0.842120
0.463777
0.481311
0.907330
0.823058
0.290569
0.978576
0.724436
0.874722
0.615862
0.666010
0.799189
0.241683
0.298366
0.487884
0.965604
0.357688
0.737501
0.830755
0.089813
0.752605
0.536343
0.662454
0.050506
0.585234
0.251247
0.574007
0.779427
0.514574
0.370628
0.590632
0.933685
0.458111
0.983642
0.761439
0.741982
0.584297
0.896791
0.618346
0.408501
0.947938
0.407302
0.836121
0.695667
0.631732
0.301052
0.553228
0.254187
0.550344
0.492178
0.022753
0.199073
0.612906
0.952797
0.738306
0.951846
0.608299
0.950028
0.490304
0.195010
0.075412
0.101719
0.216651
0.699430
0.845680
0.541149
0.900663
0.763580
0.654270
0.640508
0.773211
0.835113
0.492509
0.968589
0.091386
0.391713
0.288663
0.138944
0.756238
0.949740
0.285586
0.762003
0.375260
0.172613
0.015472
0.530641
0.458005
0.893527
0.896625
0.213177
0.913318
0.847448
0.828407
0.991538
0.620832
0.571325
0.153303
0.836020
0.156534
0.216143
0.258390
0.174256
0.482403
0.812300
0.567250
0.418878
0.598040
0.501597
0.556579
0.689423
0.546085
0.830347
0.529049
0.759859
0.501152
0.407302
0.790846
0.293365
0.498375
0.293044
0.735888
0.610897
0.780974
0.503267
0.694372
0.906935
0.768855
0.729999
0.279968
0.956865
0.640389
0.880460
0.662691
0.669564
0.677731
0.855884
0.778873
0.224909
0.808279
0.797356
0.728842
0.787131
0.681514
0.394546
0.239337
0.402131
0.417256
0.814195
0.949510
0.790192
0.210244
0.698019
0.570509
0.729537
0.928575
0.747248
0.832178
0.438306
0.573423
0.866927
0.091052
0.503824
0.175484
0.601692
0.973093
0.859414
0.988221
0.811033
0.501152
0.858178
0.891070
0.063038
0.883986
0.499485
0.213177
0.584179
0.838731
0.897206
0.586172
0.928436
0.962898
0.438931
0.826664
0.587580
0.798003
0.925982
0.304003
0.526209
0.999074
0.617163
0.790846
0.711971
0.236804
0.614088
0.818697
0.286136
0.757937
0.790192
0.773433
0.143175
0.912628
0.416244
0.458858
0.131136
0.696490
0.995279
0.690838
0.816398
0.617045
0.598394
0.886601
0.902289
0.971333
0.890729
0.301706
0.612079
0.732427
0.346309
0.490304
0.454283
0.156048
0.421826
0.854731
0.821504
0.481420
0.494940
0.889703
0.370157
0.031840
0.583359
0.233818
0.576341
0.824504
0.579731
0.843706
0.444472
0.359255
0.674418
0.921021
0.567250
0.579380
0.784388
0.017142
0.965465
0.814615
0.798111
0.070578
0.389280
0.764480
0.498042
0.902775
0.854057
0.958435
0.654982
0.643474
0.250677
0.898941
0.918146
0.891495
0.399264
0.503601
0.970236
0.819634
0.617163
0.915296
0.396901
0.430434
0.796059
0.235307
0.965091
0.635763
0.427862
0.901640
0.879838
0.864036
0.643355
0.940948
0.670985
0.477605
0.947053
0.833598
0.694961
0.778652
0.883285
0.767287
0.654508
0.797572
0.242307
0.414830
0.935674
0.540691
0.461635
0.547120
0.887121
0.559125
0.479456
0.787898
0.928297
0.820154
0.376496
0.810293
0.843607
0.823988
0.869056
0.691781
0.477822
0.777877
0.411608
0.138988
0.245587
0.643237
0.880903
0.403122
0.875536
0.647864
0.838330
0.807960
0.954503
0.616335
0.321286
0.839131
0.657355
0.159082
0.331840
0.620950
0.419487
0.927039
0.745991
0.533945
0.970998
0.748047
0.883373
0.913852
0.614679
0.489093
0.811244
0.986514
0.910620
0.915296
0.999648
0.966113
0.691192
0.880105
0.995614
0.761214
0.844299
0.828714
0.654864
0.233683
0.101351
0.575407
0.920656
0.559241
0.912474
0.926899
0.890388
0.004751
0.841723
0.200503
0.828100
0.684822
0.872541
0.500151
0.991460
0.444157
0.782187
0.418168
0.744389
0.541493
0.465710
0.626517
0.642169
0.723043
0.729537
0.522697
0.850864
0.460673
0.468508
0.977331
0.000694
0.260218
0.899517
0.477061
0.256137
0.958590
0.608889
0.513225
0.864223
0.881523
0.664943
0.824297
0.941512
0.135249
0.958383
0.931733
0.037259
0.874903
0.966981
0.965697
0.958072
0.772096
0.348204
0.670393
0.794651
0.775436
0.961028
0.295454
0.347391
0.655931
0.993434
0.532007
0.899352
0.272226
0.021402
0.641338
0.434982
0.339955
0.323429
0.199727
0.750784
0.155903
0.030218
0.167398
0.550920
0.775436
0.749873
0.391031
0.207958
0.830245
0.348656
0.249184
0.053640
0.981711
0.593805
0.550805
0.103102
0.418573
0.263903
0.794217
0.971996
0.131471
0.548731
0.788335
0.625687
0.374217
0.949567
0.536686
0.213554
0.144398
0.509635
0.966067
0.713607
0.681514
0.988028
0.971333
0.440078
0.388989
0.657829
0.820985
0.829225
0.739915
0.645491
0.827485
0.567018
0.565158
0.809340
0.263459
0.235036
0.665061
0.765042
0.666484
0.659726
0.964195
0.370063
0.346579
0.786803
0.628531
0.704830
0.802305
0.562255
0.382710
0.497709
0.253252
0.233818
0.558894
0.330529
0.272226
0.973173
0.994160
0.158147
0.872633
0.283391
0.829225
0.446362
0.963526
0.479674
0.874360
0.645016
0.681987
0.573773
0.567134
0.785926
0.734966
0.859889
0.987808
0.038336
0.760085
0.179266
0.056278
0.313399
0.727220
0.932814
0.905345
0.537486
0.485030
0.225499
0.959259
0.753855
0.733928
0.414124
0.400943
0.955155
0.231934
0.638728
0.896957
0.431156
0.233212
0.880992
0.028401
0.853672
0.725133
0.776213
0.767399
0.982861
0.656643
0.048598
0.839331
0.996668
0.838831
0.975400
0.642762
0.919406
0.411608
0.696020
0.919332
0.597569
0.960376
0.826356
0.898530
0.460993
0.616927
0.806471
0.930574
0.428068
0.593334
0.989651
0.707759
0.145264
0.234562
0.330529
