0.777582
0.114868
0.723507
0.321676
0.943401
0.856126
0.997222
0.865846
0.541731
0.416109
0.350229
0.886257
0.195842
0.186703
0.039320
0.030411
0.000000
0.000000
0.000000
0.000000
0.000000
0.000000
0.000000
0.000000
0.855398
0.791864
0.618314
0.898930
0.932088
0.554247
0.304584
0.247096
0.914026
0.510128
0.816342
0.773462
0.749238
0.892283
0.183196
0.290626
0.000000
0.000000
0.000000
0.000000
0.000000
0.000000
0.000000
0.000000
0.657396
0.166315
0.932633
0.422069
0.325419
0.511395
0.868504
0.775871
0.005746
0.015787
0.124613
0.065186
0.109495
0.342775
0.494445
0.335135
0.738397
0.282938
0.197244
0.495235
0.612950
0.333994
0.361925
0.200377
0.601125
0.754735
0.884446
0.706279
0.355285
0.199918
0.063773
0.570509
