0.968331
0.813446
0.762141
0.859620
0.771043
0.479968
0.629848
0.682145
0.642792
0.702497
0.592270
0.266873
0.248125
0.527361
0.601429
0.442472
0.397937
0.344036
0.052512
0.048768
0.051827
0.086138
0.142631
0.087035
0.047872
0.073062
0.070138
0.204901
0.324210
0.385524
0.313842
0.407731
0.517341
0.389204
0.399964
0.505968
0.275911
0.171666
0.190878
0.173796
0.099647
0.050157
0.013605
0.000368
0.000084
0.022958
0.327410
0.808973
0.843615
0.641209
0.566463
0.671615
0.579931
0.491966
0.667285
0.766687
0.867006
0.613528
0.775134
0.865546
0.669515
0.471715
0.459218
0.598968
0.392754
0.200390
0.127541
0.107372
0.061018
0.031130
0.032983
0.068238
