0.651519
0.673241
0.783180
0.658620
0.333682
0.529447
0.978216
0.659477
0.194478
0.463757
0.846270
0.832407
0.799613
0.791335
0.966961
0.855551
0.785668
0.923319
0.331792
0.437005
0.498347
0.653946
0.590280
0.845975
0.811837
0.890423
0.607283
0.868786
0.734517
0.495659
0.792061
0.731871
0.816192
0.850591
0.928249
0.914912
0.484592
0.728695
0.909095
0.942711
0.856711
0.986932
0.938210
0.367746
0.193582
0.298320
0.507319
0.961357
0.799591
0.761626
0.605779
0.535930
0.691211
0.678027
0.448331
0.457953
0.428191
0.484677
0.746397
0.759926
0.980769
0.267044
0.066867
0.126727
0.124739
0.326966
0.392208
0.252683
0.257566
0.284018
0.329974
0.198633
0.150892
0.176882
0.219173
0.472200
0.608119
0.753548
0.825762
0.682879
0.841499
0.735046
0.418978
0.591549
0.902822
0.849528
0.882012
0.716870
0.694164
0.811279
0.000000
0.000000
0.000000
0.000000
0.000000
0.000000
0.000000
0.000000
0.000000
0.000000
0.000000
0.000000
0.000000
0.000000
0.000000
0.000000
0.000000
0.000000
0.261071
0.358619
0.597433
0.963530
0.870609
0.754987
0.629606
0.267410
0.035180
0.059130
0.155504
0.074108
0.100353
0.258913
0.290626
0.140988
0.069640
0.059564
0.589042
0.530680
0.550163
0.732879
0.975725
0.895686
0.921949
0.949571
0.583882
0.622048
0.751830
0.896061
1.000000
0.888681
0.860173
0.738226
0.370430
0.242399
0.322001
0.173538
0.114697
0.148530
0.180155
0.163395
0.179712
0.329918
0.393013
0.851269
0.441418
0.136037
0.291356
0.341407
0.218259
0.167287
0.245278
0.387570
0.995069
0.747152
1.000000
0.841665
0.972896
0.772625
0.299717
0.211102
0.241121
0.683481
0.953072
0.600126
0.396680
0.529634
0.672604
0.734428
0.905726
0.995069
