0.212718
0.325976
0.548293
0.268091
0.117142
0.206110
0.506127
0.604781
0.554980
0.444140
0.225590
0.248598
0.513869
0.683187
0.484701
0.344170
0.334386
0.260942
0.435545
0.421863
0.442593
0.401358
0.288361
0.344606
0.549127
0.541781
0.371836
0.356108
0.783328
0.909906
0.782813
0.453760
0.388888
0.377016
0.346427
0.454914
0.149699
0.189305
0.366116
0.515808
0.529327
0.682359
0.561193
0.547628
0.975321
0.687560
0.853572
0.638076
0.796993
0.731046
0.411745
0.378376
0.440032
0.362624
0.457650
0.552232
0.740417
0.869959
0.717369
0.717957
0.884164
0.615970
0.572289
0.602195
0.900213
0.984501
0.663512
0.283966
0.107200
0.060192
0.050336
0.057919
0.745926
0.726773
0.693148
0.871173
0.509702
0.555062
0.779992
0.896391
0.958489
0.122551
0.074581
0.078182
0.279244
0.862258
0.641517
0.506652
0.566368
0.876273
0.354542
0.312427
0.396524
0.556929
0.623417
0.408716
0.423460
0.755861
0.886644
0.949483
0.898128
0.787797
0.899954
0.966309
0.886077
0.853617
0.734278
0.926541
0.769994
0.853264
0.506779
0.620476
0.843038
0.884491
0.956382
0.585957
0.167512
0.540869
0.686591
0.628078
0.910617
0.948921
0.945402
0.745437
0.985603
0.709227
0.722908
0.682591
0.648278
0.672713
0.640492
0.482544
0.421609
0.549925
1.000000
0.012507
0.008791
0.053093
0.222372
0.264095
0.168364
0.240324
0.277817
0.290815
0.000000
0.000000
0.000000
0.000000
0.000000
0.000000
0.000000
0.000000
0.000000
0.000000
0.000000
0.000000
0.000000
0.000000
0.000000
0.000000
0.000000
0.000000
0.655988
0.682564
0.870070
0.722112
0.597518
0.342647
0.342371
0.514525
0.438275
0.390142
0.868642
0.338554
0.317360
0.507475
0.535373
0.594194
0.604644
0.368604
