0.000000
0.000000
0.000000
0.000000
0.000000
0.000000
0.000000
0.000000
0.000000
0.000000
0.000000
0.000000
0.000000
0.000000
0.000000
0.000000
0.000000
0.000000
0.000000
0.000000
0.000000
0.000000
0.000000
0.000000
0.000000
0.000000
0.000000
0.000000
0.000000
0.000000
0.000000
0.000000
0.000000
0.000000
0.000000
0.000000
0.473479
0.657849
0.906778
0.836111
0.915935
0.888946
0.813409
0.647620
0.597652
0.561539
0.464588
0.478889
0.385533
0.498205
0.750285
0.924198
0.383131
0.288034
0.536910
0.358125
0.361157
0.481845
0.502264
0.391726
0.489248
0.835392
0.769327
0.225126
0.165970
0.310862
0.414394
0.343937
0.336773
0.280352
0.240543
0.179702
