0.212718
0.325976
0.548293
0.268091
0.117142
0.206110
0.506127
0.604781
0.554980
0.444140
0.225590
0.248598
0.513869
0.683187
0.484701
0.344170
0.334386
0.260942
0.435545
0.421863
0.442593
0.401358
0.288361
0.344606
0.549127
0.541781
0.371836
0.356108
0.783328
0.909906
0.782813
0.453760
0.388888
0.377016
0.346427
0.454914
0.149699
0.189305
0.366116
0.515808
0.529327
0.682359
0.561193
0.547628
0.975321
0.687560
0.853572
0.638076
0.796993
0.731046
0.411745
0.378376
0.440032
0.362624
0.457650
0.552232
0.740417
0.869959
0.717369
0.717957
0.884164
0.615970
0.572289
0.602195
0.900213
0.984501
0.663512
0.283966
0.107200
0.060192
0.050336
0.057919
