0.957490
0.250423
0.346931
0.415766
0.395862
0.963771
0.244382
0.651780
0.253334
0.342435
0.206980
0.657888
0.844840
0.442907
0.234029
0.355790
0.766278
0.354369
0.648996
0.404079
0.205462
0.209933
0.757494
0.672242
0.900082
0.579783
0.693714
0.075217
0.142010
0.200585
0.242645
0.348340
0.377300
0.498715
0.779304
0.781582
0.217909
0.339570
0.709439
0.429300
0.000000
0.000000
0.000000
0.000000
0.000000
0.000000
0.000000
0.000000
0.909852
0.659706
0.125769
0.090755
0.045008
0.390800
0.170324
0.560827
0.861721
0.755294
0.556872
0.743874
0.353435
0.861472
0.858997
0.791545
0.816176
0.791643
0.954213
0.969131
0.374005
0.518850
0.755090
0.773824
0.035744
0.696204
0.397845
0.399312
0.541961
0.936012
0.875973
0.689922
