0.000000
0.000000
0.000000
0.000000
0.000000
0.000000
0.000000
0.000000
0.000000
0.000000
0.000000
0.000000
0.000000
0.000000
0.000000
0.000000
0.000000
0.000000
0.015860
0.020858
0.005396
0.010637
0.075611
0.076903
0.038110
0.008613
0.027099
0.982713
0.548194
0.404651
0.471105
0.761626
0.947911
0.918628
0.745572
0.449204
0.323892
0.164284
0.088460
0.221622
0.455301
0.366152
0.551114
0.662588
0.804643
0.492044
0.634067
0.858556
0.819240
0.985382
0.499465
0.468995
0.749486
0.936249
0.046781
0.065711
0.052175
0.148829
0.410959
0.230278
0.031600
0.065335
0.424857
0.185505
0.028632
0.016356
0.021650
0.075500
0.175041
0.194353
0.202750
0.178287
0.077250
0.104172
0.234106
0.179495
0.098409
0.090966
0.218404
0.543497
0.570978
0.373257
0.298425
0.273502
0.251266
0.338142
0.687174
0.657486
0.349652
0.233011
0.545670
0.719834
0.916616
0.941931
0.844379
0.995446
0.876574
0.951340
0.963869
0.397788
0.518853
0.607805
0.430941
0.381151
0.494667
0.642036
0.815045
0.994156
0.838646
0.601104
0.560474
0.899281
0.895224
0.866586
0.634890
0.304666
0.458816
0.960611
0.346736
0.075412
0.042837
0.166720
0.434358
0.451237
0.507279
0.487229
0.000000
0.000000
0.000000
0.000000
0.000000
0.000000
0.000000
0.000000
0.000000
0.000000
0.000000
0.000000
0.000000
0.000000
0.000000
0.000000
0.000000
0.000000
0.061076
0.105477
0.154804
0.363257
0.552178
0.545442
0.773503
0.726105
0.632614
0.740676
0.710234
0.767216
0.786368
0.458335
0.183353
0.101642
0.070489
0.072314
0.208010
0.328022
0.708727
0.865630
0.822380
0.782737
0.959966
0.935439
0.415783
0.103627
0.427288
0.772865
0.470784
0.482980
0.421537
0.488527
0.653284
0.864898
