0.099857
0.179921
0.123549
0.616335
0.014641
0.037045
0.739686
0.070457
0.033518
0.264126
0.038075
0.077098
0.023017
0.000027
0.000012
0.012934
0.521792
0.711036
0.220169
0.115108
0.011083
0.615625
0.381366
0.142096
0.065504
0.001022
0.009015
0.000989
0.014855
0.072314
0.228665
0.002919
0.956600
0.010515
0.321885
0.170668
0.042088
0.103305
0.006696
0.002508
0.264126
0.068385
0.133624
0.007637
0.117065
0.133370
0.005302
0.416750
0.000564
0.024265
0.035458
0.041090
0.333944
0.000474
0.246570
0.558778
0.000249
0.000069
0.321713
0.072884
0.017742
0.084580
0.032497
0.002335
0.000000
0.035471
0.001042
0.044834
0.017555
0.000169
0.017410
0.062646
0.000013
0.010552
0.099857
0.033701
0.197239
0.024922
0.000544
0.712555
0.094512
0.058603
0.554614
0.005340
0.001793
0.173194
0.122362
0.065008
0.478258
0.241822
0.000000
0.128810
0.091204
0.917475
0.026667
0.226550
0.407003
0.542525
0.176881
0.006068
0.099659
0.638728
0.100187
0.086245
0.341826
0.142320
0.006506
0.062451
0.046491
0.005131
0.159823
0.000000
0.747134
0.070723
0.000614
0.036171
0.395527
0.001001
0.352651
0.036791
0.000006
0.060678
0.247204
0.105224
0.024391
0.000400
0.190327
0.043901
0.008109
0.387631
0.020732
0.000800
0.001349
0.000000
0.702718
0.004256
0.034457
0.017728
0.030395
0.259925
0.000451
0.204658
0.118246
0.000165
0.465817
0.208451
0.041788
0.010552
0.085380
0.179811
0.107702
0.296665
0.000966
0.021708
0.977403
0.190441
0.389474
0.307140
0.155080
0.967791
0.027465
0.879838
0.012639
0.186523
0.860836
0.126886
0.200383
0.847350
0.242168
0.010198
0.602400
0.455239
0.256064
0.467215
0.224320
0.650949
0.024050
0.153781
0.042634
0.246992
0.364913
0.002155
0.011685
0.169676
0.502265
0.033251
0.376210
0.009171
0.419690
0.834609
0.581954
0.475757
0.025605
0.779316
0.733351
0.156632
0.764930
0.524395
0.867947
0.854346
0.313231
0.462598
0.278808
0.072338
0.004312
0.259852
0.801554
0.058890
0.583945
0.908826
0.036015
0.080898
0.061741
0.096670
0.011694
0.310968
0.151447
0.335175
0.012041
0.548731
0.075105
0.048409
0.085380
0.152064
0.016649
0.266507
0.335969
0.640982
0.006234
0.551728
0.239681
0.616217
0.052817
0.005172
0.135722
0.321371
0.658896
0.121420
0.040855
0.126521
0.775991
0.607354
0.029604
0.022517
0.213680
0.671340
0.330442
0.326620
0.091204
0.021418
0.167604
0.042119
0.077913
0.595451
0.020111
0.705768
0.101150
0.005632
0.581252
0.860173
0.813880
0.624147
0.507509
0.770533
0.332190
0.587580
0.048925
0.612079
0.117407
0.200503
0.050918
0.353838
0.001016
0.906380
0.009100
0.150315
0.480765
0.094922
0.411106
0.146317
0.880814
0.004268
0.089783
0.031218
0.121029
0.695196
0.349289
0.038102
0.141336
0.284644
0.430434
0.705885
0.279349
0.565506
0.748047
0.048409
0.132481
0.303674
0.050936
0.335264
0.353107
0.001138
0.149846
0.679387
0.147147
0.334911
0.972852
0.070288
0.699430
0.485579
0.171559
0.081971
0.105501
0.949970
0.767287
0.155806
0.269129
0.183725
0.000130
0.382230
0.920875
0.032378
0.700487
0.028526
0.191878
0.003739
0.802305
0.202421
0.239818
0.130760
0.582422
0.015775
0.030262
0.013847
0.258463
0.361104
0.513674
0.014353
0.044738
0.177475
0.443842
0.690366
0.632561
0.909139
0.061356
0.506503
0.033555
0.079165
0.246008
0.008049
0.278499
0.274280
0.437266
0.470342
0.835214
0.001783
0.090657
0.398180
0.115970
0.164384
0.292324
0.422336
0.679741
0.234089
0.119824
0.604640
0.966159
0.979779
0.007902
0.463563
0.132481
0.000466
0.141113
0.585586
0.688716
0.275655
0.439244
0.489644
0.463563
0.630902
0.592159
0.075669
0.903662
0.106824
0.078470
0.956281
0.580316
0.019261
0.007694
0.061016
0.182063
0.128934
0.628294
0.201340
0.897869
0.255124
0.081391
0.067242
0.316267
0.326101
0.095459
0.657710
0.126480
0.104948
0.011045
0.455026
0.194369
0.026706
0.593334
0.471314
0.481966
0.329832
0.013873
0.388989
0.001555
0.095016
0.334647
0.700722
0.000003
0.776990
0.118438
0.588870
0.167862
0.232539
0.613852
0.504047
0.755331
0.063147
0.381270
0.448361
0.066230
0.168845
0.193671
0.335352
0.372042
0.119437
0.467969
0.594628
0.290092
0.000057
0.332277
0.461956
0.941574
0.463563
0.029345
0.001770
0.793349
0.149190
0.182948
0.451211
0.255052
0.049587
0.047340
0.661149
0.064672
0.006698
0.139472
0.285743
0.259266
0.373365
0.481092
0.414023
0.887553
0.624503
0.151211
0.404314
0.664113
0.267478
0.002427
0.130135
0.263089
0.800158
0.321371
0.020461
0.042695
0.125792
0.745419
0.341291
0.157412
0.744847
0.493172
0.558431
0.138286
0.144489
0.185064
0.206854
0.062386
0.385793
0.079299
0.763805
0.247768
0.059136
0.791609
0.241822
0.509299
0.572957
0.003115
0.000431
0.128605
0.890131
0.494277
0.050721
0.227408
0.180852
0.047206
0.066459
0.259559
0.001459
0.881964
0.163221
0.303099
0.411809
0.169052
0.259486
0.480547
0.149424
0.737040
0.979132
0.029345
0.002483
0.537143
0.063169
0.730462
0.214435
0.448783
0.733120
0.839131
0.757031
0.161265
0.003149
0.221589
0.622253
0.794976
0.600043
0.034708
0.716291
0.232673
0.805086
0.753855
0.542754
0.110844
0.222626
0.120017
0.131933
0.304909
0.574357
0.570276
0.046178
0.919184
0.036592
0.963430
0.048101
0.377829
0.356953
0.187878
0.159923
0.692723
0.017555
0.083140
0.371382
0.721066
0.464099
0.218244
0.098025
0.001562
0.917326
0.567832
0.368185
0.637068
0.493724
0.858083
0.160617
0.544017
0.185961
0.614206
0.508627
0.718389
0.044659
0.408401
0.700017
0.725017
0.988578
0.138944
0.513000
0.891325
0.323171
0.034133
0.199370
0.895374
0.015303
0.585586
0.979132
