0.000000
0.000000
0.000000
0.000000
0.000000
0.000000
0.000000
0.000000
0.000000
0.000000
0.000000
0.000000
0.000000
0.000000
0.000000
0.000000
0.000000
0.000000
0.895792
0.976404
0.942108
0.847403
0.615769
0.389920
0.244563
0.198805
0.098361
0.694499
0.712514
0.433574
0.153058
0.142272
0.221073
0.302865
0.393366
0.298388
0.643630
0.339806
0.277770
0.206625
0.089562
0.113392
0.383954
0.460533
0.768017
0.365692
0.152566
0.080107
0.137145
0.145619
0.116133
0.124043
0.198940
0.347440
0.910118
0.759669
0.851053
0.994910
0.893406
0.968106
0.969810
0.723160
0.898985
0.719092
0.359597
0.384035
0.592113
0.734975
0.711390
0.565251
0.367399
0.478864
0.759966
0.579294
0.356999
0.272950
0.480061
0.845565
0.847699
0.920998
0.510225
0.390397
0.354627
0.547325
0.618646
0.731178
0.749428
0.628123
0.646725
0.781204
0.179351
0.132399
0.088658
0.047738
0.040739
0.060161
0.072129
0.038000
0.015173
0.206707
0.567330
0.868896
0.947314
0.608970
0.402277
0.286076
0.178881
0.110227
0.000000
0.000000
0.000000
0.000000
0.000000
0.000000
0.000000
0.000000
0.000000
0.000000
0.000000
0.000000
0.000000
0.000000
0.000000
0.000000
0.000000
0.000000
0.851437
0.968815
0.926391
0.869458
0.875672
0.642973
0.569499
0.302296
0.262526
0.716316
0.411236
0.062588
0.051685
0.046753
0.056950
0.091382
0.051081
0.057623
1.000000
0.824185
0.861857
0.799474
0.890690
0.870827
0.878937
0.827944
0.706587
0.290226
0.401857
0.891597
0.897570
0.594864
0.327937
0.276237
0.357019
0.598842
0.000000
0.000000
0.000000
0.000000
0.000000
0.000000
0.000000
0.000000
0.000000
0.000000
0.000000
0.000000
0.000000
0.000000
0.000000
0.000000
0.000000
0.000000
