0.000000
0.000000
0.000000
0.000000
0.000000
0.000000
0.000000
0.000000
0.000000
0.000000
0.000000
0.000000
0.000000
0.000000
0.000000
0.000000
0.000000
0.000000
0.575097
0.523917
0.755665
0.844449
0.822451
0.918935
0.959982
0.866253
0.719573
0.928480
0.492313
0.463822
0.760118
0.875185
0.432557
0.213238
0.198364
0.184201
0.854487
0.811856
0.734608
0.576129
0.638655
0.751150
0.513647
0.276403
0.367493
0.541104
0.487853
0.885813
0.520823
0.604515
0.866071
0.967917
0.916926
0.892088
0.431347
0.453687
0.760407
0.956659
0.852245
0.924015
0.675096
0.333142
0.182263
0.551969
0.818913
0.859242
0.733380
0.852245
0.546347
0.775682
0.841387
0.857752
