0.000000
0.000000
0.000000
0.000000
0.000000
0.000000
0.000000
0.000000
0.475239
0.962836
0.708135
0.440542
0.231122
0.711352
0.838984
0.405014
0.096233
0.402900
0.934193
0.217212
0.417771
0.192708
0.167008
0.008117
0.908517
0.096288
0.874089
0.683703
0.498233
0.145610
0.599346
0.956103
0.388010
0.089957
0.150569
0.167800
0.687350
0.192366
0.479806
0.878909
0.109797
0.080537
0.034362
0.134394
0.504010
0.564772
0.742167
0.591110
0.000000
0.000000
0.000000
0.000000
0.000000
0.000000
0.000000
0.000000
0.286158
0.022456
0.499822
0.492962
0.198778
0.018983
0.061022
0.033249
0.761937
0.814391
0.746091
0.444108
0.434993
0.832052
0.592422
0.665508
0.000000
0.000000
0.000000
0.000000
0.000000
0.000000
0.000000
0.000000
