0.705885
0.971831
0.978190
0.961128
0.241129
0.535429
0.523602
0.359809
0.754196
0.973691
0.881611
0.748390
0.250392
0.890985
0.914005
0.999745
0.450366
0.610070
0.917251
0.623081
0.569927
0.685530
0.188673
0.682696
0.440495
0.038212
0.916727
0.654270
0.344421
0.951055
0.813669
0.285429
0.069784
0.428581
0.511541
0.233886
0.674063
0.881876
0.196474
0.877157
0.060932
0.550575
0.399659
0.629242
0.298853
0.672051
0.656643
0.627583
0.602164
0.799727
0.877067
0.317029
0.766165
0.342898
0.527458
0.397688
0.818279
0.955478
0.502821
0.434879
0.266208
0.803162
0.783619
0.940822
0.385793
0.427862
0.594863
0.426016
0.106056
0.886774
0.547810
0.693312
0.865811
0.809446
0.705885
0.795518
0.975703
0.443842
0.885123
0.689659
0.383768
0.181897
0.871353
0.787788
0.500040
0.774769
0.934750
0.665891
0.212175
0.630902
0.984968
0.526890
0.753401
0.821919
0.224516
0.871353
0.702131
0.911085
0.616453
0.261025
0.565623
0.292964
0.664113
0.672761
0.687182
0.434775
0.754764
0.690013
0.823161
0.512663
0.691427
0.667905
0.849696
0.852125
0.819530
0.843508
0.538630
0.916050
0.750328
0.268228
0.284173
0.638966
0.310050
0.580550
0.913623
0.841921
0.672051
0.282221
0.656406
0.216396
0.289933
0.794434
0.784608
0.259559
0.897040
0.803483
0.809869
0.466032
0.168949
0.289059
0.924846
0.581369
0.902856
0.281909
0.844003
0.783288
0.687300
0.809446
0.467215
0.186354
0.162868
0.778209
0.624266
0.311805
0.777544
0.932207
0.339066
0.655338
0.581603
0.779758
0.787788
0.369405
0.328701
0.933284
0.583359
0.817548
0.064560
0.545051
0.636831
0.342541
0.584883
0.278191
0.472071
0.224451
0.962655
0.284722
0.156194
0.252749
0.515586
0.156583
0.306312
0.401933
0.251533
0.715824
0.683404
0.440704
0.892936
0.176881
0.928158
0.121341
0.859509
0.726409
0.800803
0.351195
0.162466
0.926688
0.540118
0.151258
0.090506
0.759746
0.654389
0.953241
0.100518
0.802948
0.215256
0.186523
0.890131
0.495936
0.219526
0.802733
0.141380
0.805512
0.683523
0.851350
0.075695
0.474671
0.118284
0.540691
0.924704
0.912089
0.019575
0.986929
0.467215
0.796491
0.647271
0.641220
0.467000
0.510307
0.547465
0.611842
0.516712
0.734735
0.620950
0.858464
0.342094
0.308385
0.190843
0.608417
0.484483
0.080081
0.046112
0.482185
0.322056
0.461528
0.512214
0.866556
0.173142
0.603814
0.204355
0.832787
0.603814
0.714424
0.510980
0.032699
0.560052
0.986980
0.299178
0.639915
0.700487
0.128071
0.019999
0.441540
0.996378
0.983701
0.095301
0.921168
0.960878
0.157706
0.427965
0.048221
0.437994
0.606292
0.516938
0.254187
0.995279
0.734851
0.995775
0.551266
0.281054
0.565158
0.120912
0.861214
0.342451
0.040345
0.239131
0.979200
0.704830
0.472396
0.787788
0.901478
0.405807
0.469371
0.036028
0.396017
0.794217
0.986929
0.975703
0.224124
0.216905
0.259705
0.520435
0.852222
0.845384
0.805299
0.950486
0.341291
0.372892
0.596863
0.520548
0.233549
0.612315
0.481311
0.667432
0.320602
0.837227
0.654508
0.948348
0.283704
0.748047
0.420910
0.081227
0.038530
0.186861
0.326447
0.756465
0.104055
0.116385
0.307057
0.228467
0.977475
0.391225
0.404612
0.587345
0.778984
0.786803
0.018265
0.272378
0.393177
0.577393
0.713607
0.788554
0.309133
0.392005
0.325324
0.482076
0.321286
0.580901
0.160121
0.099857
0.760537
0.914157
0.585938
0.270939
0.536114
0.155515
0.978506
0.376020
0.343704
0.877874
0.461314
0.768296
0.634459
0.808916
0.000570
0.956068
0.612670
0.783288
0.954884
0.481092
0.139032
0.978154
0.068291
0.343167
0.923270
0.966936
0.118591
0.786803
0.060447
0.962019
0.504828
0.513787
0.953130
0.181787
0.813774
0.903098
0.671340
0.302361
0.948523
0.918888
0.402329
0.009967
0.430950
0.222951
0.450789
0.198243
0.295938
0.279968
0.179538
0.190499
0.202963
0.417762
0.673235
0.027689
0.265314
0.665654
0.290171
0.627939
0.568646
0.289456
0.550459
0.441540
0.825431
0.123430
0.166013
0.372420
0.630902
0.384346
0.585351
0.104227
0.523036
0.846073
0.040958
0.626517
0.430537
0.907330
0.509747
0.171087
0.718622
0.041803
0.752264
0.679859
0.899845
0.407602
0.369499
0.243141
0.891665
0.362030
0.754877
0.038102
0.845581
0.011798
0.042270
0.287477
0.139032
0.619411
0.510532
0.841623
0.619530
0.558894
0.020081
0.015698
0.148864
0.631020
0.938469
0.532235
0.883548
0.103646
0.884686
0.705768
0.118783
0.774435
0.141113
0.341826
0.024247
0.035253
0.217096
0.094199
0.370816
0.187878
0.883109
0.598040
0.576341
0.183614
0.797895
0.736464
0.883109
0.813459
0.645253
0.921823
0.097410
0.647152
0.185961
0.349018
0.216333
0.173459
0.452375
0.893527
0.791173
0.860647
0.251533
0.025228
0.986382
0.991382
0.209253
0.310217
0.320346
0.637542
0.464099
0.825637
0.692605
0.358517
0.607590
0.192339
0.285193
0.509747
0.677968
0.304991
0.180632
0.738191
0.675128
0.399363
0.141425
0.608417
0.487005
0.812511
0.719437
0.824297
0.820154
0.619411
0.235987
0.556810
0.114586
0.930369
0.252033
0.112262
0.832888
0.706588
0.505609
0.109156
0.864130
0.058869
0.613379
0.856841
0.543787
0.858654
0.022617
0.144671
0.639322
0.677731
0.202542
0.187765
0.342183
0.818592
0.421623
0.301134
0.065911
0.215319
0.321457
0.107315
0.393959
0.883986
0.271165
0.508963
0.179647
0.876618
0.798003
0.437994
0.955639
0.134520
0.158737
0.095269
0.205998
0.586172
0.647508
0.292644
0.344960
0.146731
0.806684
0.656050
0.773990
0.987486
0.218053
0.866370
0.495162
0.276345
0.971124
0.793566
0.539316
0.214750
0.492951
0.503713
0.155177
0.725017
0.316182
0.789319
0.380695
0.425401
0.192108
0.631969
0.958539
0.969376
0.820154
0.959208
0.213868
0.092953
0.165655
0.799297
0.100419
0.538630
0.597805
0.473479
0.549768
0.538630
0.137499
0.960728
0.224255
0.414023
0.471531
0.796275
0.117407
0.415133
0.945801
0.620477
0.767175
0.163221
0.481202
0.168223
0.233346
0.608653
0.194835
0.255341
0.268453
0.950600
0.738996
0.714074
0.820258
0.935411
0.606410
0.208636
0.413519
0.943064
0.735888
0.763693
0.848622
0.957915
0.671222
0.766390
0.563184
0.048221
0.044691
0.434153
0.661979
0.870712
0.797572
0.036145
0.796491
0.123113
0.559589
0.688008
0.548501
0.933150
0.687182
0.667787
0.649050
0.370628
0.883285
0.970661
0.878769
0.493503
0.881346
0.570859
0.477605
0.763580
0.306892
0.050169
0.990821
0.959208
0.849696
0.056514
0.815769
0.750784
0.555770
0.268078
0.557157
0.618110
0.223211
0.575991
0.065345
0.307057
0.831162
0.435086
0.373649
0.579731
0.080027
0.993961
0.521339
0.316267
0.435708
0.726989
0.590984
0.018487
0.460780
0.358149
0.625924
0.642406
0.956335
0.523602
0.396017
0.950771
0.470882
0.187482
0.396410
0.024274
0.298284
0.026924
0.205144
0.933485
0.729768
0.710334
0.448045
0.482513
0.053395
0.377257
0.446467
0.305569
0.869425
0.477278
0.581252
0.286688
0.185680
0.311470
0.420605
0.240784
0.720950
0.496158
0.188786
0.806897
0.977258
0.965465
0.839830
0.094638
0.896874
0.497155
0.967432
0.248263
0.115857
0.719088
0.480110
0.515699
0.990821
0.106369
0.579263
0.043558
0.598394
0.176612
0.861780
0.995551
0.493172
0.525529
0.526777
0.068432
0.466570
0.971583
0.146547
0.724436
0.506391
0.401339
0.146225
0.288584
0.961377
0.473912
0.712439
0.471747
0.498708
0.106335
0.980015
0.360363
0.990983
0.695431
0.213868
0.511765
0.733351
0.243838
0.604050
0.961078
0.105397
0.179757
0.563880
0.353655
0.599689
0.121146
0.669445
0.703657
0.690838
0.378019
0.536000
0.028245
0.448783
0.618110
0.182837
0.820778
0.165502
0.331927
0.503824
0.828407
0.391810
0.540232
0.298447
0.573423
0.131597
0.327746
0.056396
0.873725
0.260071
0.730578
0.973691
0.240577
0.388892
0.268228
0.689895
0.904945
0.294248
0.139649
0.774880
0.106369
0.955263
0.754877
0.514461
0.074798
0.454814
0.486127
0.299422
0.932342
0.604404
0.985440
0.124747
0.441644
0.642406
0.530300
0.745190
0.204173
0.389669
0.907330
0.530413
0.464099
0.172454
0.949625
0.735773
0.931868
0.509187
0.704361
0.282221
0.800050
0.181456
0.851931
0.455557
0.590867
0.997956
0.363237
0.379643
0.987386
0.857415
0.423458
0.954503
0.148770
0.158885
0.932544
0.900336
0.599218
0.764255
0.102189
0.220233
0.317537
0.932679
0.535315
0.452269
0.587932
0.031898
0.671459
0.811878
0.724901
0.490635
0.139120
0.357873
0.609125
0.813564
0.799512
0.152016
0.097023
0.113769
0.032974
0.227606
0.350741
0.201041
0.129099
0.246359
0.795409
0.774880
0.623200
0.264868
0.212300
0.020217
0.522810
0.142500
0.302443
0.004298
0.175645
0.628294
0.260805
0.889103
0.903581
0.999428
0.155129
0.617045
0.656880
0.320516
0.976820
0.715474
0.201041
0.617518
0.700252
0.206731
0.571558
0.775325
0.962215
0.147980
0.968369
0.565623
0.354295
0.404712
0.317029
0.401735
0.046772
0.779427
0.943556
0.899435
0.670156
0.617518
0.682932
0.563764
0.152587
0.244327
0.657355
0.973652
0.256282
0.285743
0.614325
0.739801
0.941886
0.861874
0.481420
0.830449
0.673708
0.238170
0.340400
0.851835
0.041848
0.888587
0.703422
0.421725
0.755444
0.141425
0.204294
0.531666
0.223602
0.701662
0.262794
0.132481
0.833598
0.478911
0.426016
0.807854
0.623200
0.222237
0.076915
0.735888
0.844891
0.852706
0.663521
0.511878
0.924490
0.193903
0.979981
0.391031
0.157412
0.631494
0.884336
0.597099
0.537486
0.413721
0.195302
0.064094
0.530527
0.323171
0.935937
0.485579
0.161615
0.943862
0.795193
0.213240
0.310718
0.611961
0.681160
0.197534
0.358057
0.432705
0.860268
0.244396
0.974554
0.201280
0.623910
0.673945
0.672761
0.042940
0.784059
0.668616
0.278885
0.217925
0.425606
0.765267
0.864504
0.898530
0.949047
0.791064
0.490415
0.266059
0.908747
0.623674
0.296503
0.291446
0.929130
0.073384
0.311805
0.662691
0.849696
0.535201
0.204840
0.790846
0.215256
0.811561
0.195419
0.834609
0.728379
0.505498
0.999624
0.807854
0.336587
0.393177
0.472071
0.393666
0.277036
0.228931
0.580550
0.533831
0.841026
0.503378
0.700135
0.787241
0.644660
0.610543
0.952797
0.946220
0.160071
0.186410
0.369029
0.626635
0.203024
0.949913
0.999208
0.894536
0.147702
0.507285
0.679859
0.634696
0.145629
0.267030
0.550459
0.360641
0.434050
0.428068
0.429816
0.721764
0.135249
0.573423
0.345949
0.359994
0.198007
0.386953
0.046244
0.320602
0.634814
0.197652
0.994175
0.684231
0.059301
0.121537
0.108019
0.791282
0.072685
0.807748
0.166781
0.468292
0.858844
0.908982
0.260658
0.022483
0.267404
0.639677
0.656287
0.865251
0.200323
0.121068
0.062106
0.713840
0.325324
0.427349
0.387534
0.340311
0.563532
0.364354
0.336587
0.975967
0.088412
0.122283
0.702483
0.714541
0.314999
0.229064
0.975018
0.532919
0.687654
0.575991
0.610070
0.583594
0.732196
0.421521
0.440391
0.045203
0.993515
0.129223
0.799512
0.399856
0.849501
0.958797
0.697549
0.563648
0.470666
0.952741
0.840927
0.620832
0.152159
0.639084
0.376020
0.193033
0.837829
0.076810
0.885123
0.262056
0.622963
0.659608
0.858939
0.863848
0.486127
0.563184
0.279890
0.659252
0.340222
0.926688
0.995725
0.613734
0.529049
0.388892
0.731156
0.197475
0.800803
0.797464
0.156000
0.702366
0.689659
0.443319
0.379738
0.769079
0.048529
0.077412
0.525529
0.591336
0.449416
0.234156
0.159082
0.299503
0.251247
0.514012
0.226682
0.364354
0.701896
0.217414
0.188729
0.352469
0.053470
0.027033
0.338002
0.919258
0.534744
0.450894
0.344601
0.132988
0.874269
0.939429
0.517614
0.684585
0.371759
0.354935
0.633629
0.923342
0.559241
0.324892
0.106719
0.804979
0.463348
0.251461
0.718971
0.311554
0.888759
0.700135
0.765379
0.646084
0.049465
0.590984
0.500929
0.606174
0.361752
0.023756
0.018888
0.352834
0.655575
0.107667
0.234089
0.017695
0.935081
0.177691
0.037801
0.078390
0.435397
0.132312
0.363609
0.908512
0.139693
0.079892
0.303345
0.463456
0.143356
0.150174
0.148305
0.574940
0.582657
0.538401
0.092737
0.055729
0.427759
0.347120
0.907330
0.629953
0.974399
0.164029
0.849013
0.828612
0.049552
0.471423
0.701896
0.859319
0.384057
0.098937
0.748618
0.514236
0.499929
0.545970
0.227870
0.399166
0.536800
0.574007
0.311721
0.679505
0.025776
0.556579
0.567018
0.214309
0.863942
0.605466
0.677968
0.126643
0.939684
0.000358
0.640745
0.438619
0.565042
0.850572
0.891750
0.076576
0.216587
0.991976
0.122441
0.728263
0.133795
0.925344
0.969376
0.619293
0.459925
0.394644
0.405209
0.320773
0.280588
0.461314
0.170511
0.106021
0.981900
0.686238
0.706354
0.336763
0.704126
0.797248
0.714191
0.428376
0.510756
0.433222
0.864784
0.330878
0.606764
0.426118
0.454708
0.762341
0.460245
0.049974
0.625924
0.505498
0.405508
0.256499
0.199549
0.239406
0.906935
0.408101
0.231465
0.471423
0.915144
0.100585
0.875446
0.015751
0.506614
0.447624
0.541378
0.528935
0.286058
0.745648
0.983789
0.638966
0.428479
0.814720
0.098578
0.553112
0.545970
0.413419
0.168430
0.722578
0.715124
0.611133
0.785377
0.426323
0.585469
0.912320
0.555076
0.488983
0.419588
0.967071
0.868779
0.736810
0.298772
0.935015
0.529617
0.939620
0.043604
0.847056
0.275043
0.439765
0.494498
0.934019
0.693312
0.342541
0.227342
0.332365
0.724901
0.102290
0.227606
0.793240
0.472613
0.243002
0.397885
0.107139
0.711504
0.614679
0.761214
0.702835
0.106579
0.938148
0.744503
0.253036
0.661149
0.885035
0.927670
0.407602
0.923630
0.725829
0.629953
0.733928
0.885558
0.538744
0.201940
0.036106
0.915144
0.854731
0.946280
0.601103
0.297231
0.515812
0.147100
0.977295
0.726293
0.212926
0.166422
0.699077
0.417560
0.683286
0.797572
0.389571
0.364726
0.885471
0.683759
0.830143
0.802412
0.337648
0.412714
0.065594
0.628294
0.970956
0.678322
0.964715
0.294087
0.615271
0.299259
0.678441
0.763467
0.601339
0.455345
0.949970
0.511653
0.899845
0.418979
0.181456
0.378687
0.452905
0.984657
0.234562
0.529049
0.993049
0.202963
0.214309
0.566204
0.850572
0.416345
0.702131
0.623318
0.720136
0.932207
0.536343
0.312476
0.177691
0.586524
0.753514
0.874903
0.292404
0.355027
0.162667
0.120405
0.551958
0.978366
0.815769
0.016084
0.236327
0.076031
0.671104
0.948873
0.036106
