0.000000
0.000000
0.000000
0.000000
0.000000
0.000000
0.000000
0.000000
0.000000
0.000000
0.000000
0.000000
0.000000
0.000000
0.000000
0.000000
0.000000
0.000000
0.000000
0.000000
0.000000
0.000000
0.000000
0.000000
0.000000
0.000000
0.000000
0.000000
0.000000
0.000000
0.000000
0.000000
0.000000
0.000000
0.000000
0.000000
0.000000
0.000000
0.000000
0.000000
0.000000
0.000000
0.000000
0.000000
0.000000
0.000000
0.000000
0.000000
0.000000
0.000000
0.000000
0.000000
0.000000
0.000000
0.772311
0.748694
0.688069
0.401284
0.454681
0.952057
0.743488
0.679402
0.923963
0.364562
0.532292
0.603542
0.875780
0.961938
0.900761
0.940214
0.908444
0.904801
0.943581
0.939944
0.953903
0.895009
0.631672
0.381888
0.661323
0.727114
0.616922
0.738773
0.500395
0.309635
0.399278
0.527244
0.268717
0.231466
0.335405
0.424468
0.525247
0.538672
0.489915
0.522410
0.390520
0.245305
0.278247
0.143667
0.114050
0.811788
0.652761
0.793795
0.895846
0.873869
0.548190
0.463881
0.457254
0.339304
0.479710
0.338256
0.465483
0.701422
0.906273
0.794605
0.613214
0.414653
0.203515
0.191239
0.736502
0.911952
0.825650
0.723922
0.689615
0.556668
0.544189
0.790567
0.905025
0.853041
0.882490
0.921229
0.880513
0.620007
0.588610
0.255909
0.059320
0.448196
0.840552
0.811616
0.889090
0.727490
0.520380
0.750207
0.987332
0.996033
0.752158
0.658470
0.644485
0.512914
0.426206
0.784541
0.812477
0.696690
0.923164
0.735687
0.770023
0.888516
0.970920
0.980763
0.705398
0.683319
0.920653
0.986003
0.000000
0.000000
0.000000
0.000000
0.000000
0.000000
0.000000
0.000000
0.000000
0.000000
0.000000
0.000000
0.000000
0.000000
0.000000
0.000000
0.000000
0.000000
