0.873997
0.520887
0.033118
0.668379
0.361011
0.290888
0.945621
0.821919
0.756238
0.461742
0.657829
0.653677
0.293686
0.934816
0.528594
0.737385
0.320004
0.100850
0.385117
0.581018
0.249538
0.759633
0.161665
0.510644
0.766277
0.000229
0.848916
0.864130
0.045965
0.947644
0.008861
0.702014
0.670748
0.081474
0.390155
0.967925
0.961327
0.103102
0.513562
0.774213
0.098937
0.253108
0.545395
0.674773
0.707057
0.678086
0.021005
0.002369
0.520096
0.133497
0.963092
0.595922
0.631376
0.005874
0.954285
0.329049
0.007976
0.096831
0.403519
0.674182
0.199549
0.409903
0.735658
0.545166
0.511990
0.773990
0.144398
0.540920
0.907330
0.860552
0.080598
0.815979
0.818697
0.964052
0.873997
0.476843
0.954775
0.008666
0.902370
0.316774
0.000078
0.909295
0.506614
0.368185
0.667905
0.204355
0.505274
0.312392
0.644660
0.997483
0.358333
0.633273
0.646203
0.115670
0.000088
0.383191
0.299503
0.613024
0.046855
0.170041
0.062084
0.039641
0.873361
0.627820
0.089483
0.923270
0.964385
0.936068
0.589457
0.153398
0.139076
0.849599
0.502599
0.670511
0.647864
0.640389
0.534858
0.007764
0.816607
0.192166
0.155273
0.888673
0.000810
0.574707
0.231264
0.329919
0.463241
0.000002
0.439661
0.588166
0.101084
0.801661
0.985849
0.021773
0.064071
0.592276
0.847350
0.666958
0.614325
0.749645
0.768855
0.525982
0.533489
0.730231
0.481966
0.834609
0.690013
0.964052
0.775769
0.838230
0.064583
0.325410
0.984256
0.209192
0.757711
0.339244
0.398574
0.638135
0.993201
0.474997
0.113769
0.505609
0.725365
0.958590
0.322914
0.809658
0.498708
0.782628
0.677495
0.692605
0.337382
0.910542
0.267478
0.950257
0.119514
0.479347
0.656761
0.693665
0.999317
0.535429
0.820778
0.796491
0.226880
0.482513
0.297636
0.450894
0.554960
0.526777
0.019509
0.859509
0.841822
0.813459
0.391031
0.144307
0.428068
0.299829
0.994718
0.840130
0.431982
0.705416
0.644304
0.897455
0.064071
0.718971
0.327226
0.697666
0.249965
0.406504
0.572374
0.916952
0.799404
0.769079
0.564693
0.358425
0.305239
0.624266
0.246289
0.191762
0.967567
0.947172
0.529276
0.697666
0.775769
0.411809
0.916502
0.575757
0.292484
0.336322
0.928506
0.628176
0.524508
0.974007
0.991204
0.989043
0.143627
0.258901
0.792262
0.661505
0.324978
0.808279
0.079595
0.971208
0.310801
0.277343
0.966297
0.276115
0.864597
0.645016
0.314493
0.552305
0.872815
0.493282
0.557157
0.536343
0.699430
0.327746
0.896375
0.292644
0.724436
0.836524
0.950028
0.852125
0.428993
0.029844
0.321457
0.459284
0.839630
0.606882
0.298366
0.375545
0.169468
0.769862
0.859129
0.915522
0.612197
0.393372
0.959361
0.604994
0.627583
0.398968
0.616335
0.835920
0.303592
0.936330
0.368091
0.349833
0.914157
0.745304
0.939238
0.793783
0.849891
0.420503
0.828305
0.768967
0.895792
0.697666
0.443842
0.455451
0.577159
0.613615
0.057792
0.065504
0.863942
0.835819
0.920875
0.466140
0.709632
0.600043
0.969894
0.479892
0.494498
0.685766
0.652491
0.756011
0.571791
0.842914
0.255992
0.878501
0.525075
0.712205
0.258317
0.699665
0.466140
0.077386
0.289456
0.969463
0.169312
0.341915
0.513113
0.348294
0.617163
0.842914
0.885384
0.204962
0.259778
0.151495
0.833192
0.757258
0.826767
0.795301
0.950314
0.402825
0.507397
0.266581
0.319834
0.955800
0.350559
0.787131
0.883373
0.726641
0.654508
0.811983
0.683995
0.706588
0.397688
0.316690
0.260732
0.627228
0.778652
0.418066
0.029735
0.779205
0.697196
0.984024
0.873361
0.297636
0.992199
0.248404
0.487115
0.980414
0.443842
0.990022
0.892936
0.750214
0.340133
0.277343
0.851350
0.696608
0.681278
0.341291
0.974204
0.024184
0.421725
0.529049
0.243768
0.167295
0.920289
0.736810
0.417053
0.586524
0.666484
0.586641
0.788117
0.182505
0.562371
0.484702
0.604050
0.738996
0.465172
0.515136
0.139384
0.890302
0.897869
0.217032
0.762003
0.764930
0.633391
0.159230
0.733004
0.028981
0.060489
0.453965
0.898612
0.062365
0.221266
0.696961
0.676312
0.212050
0.204597
0.698607
0.975741
0.768072
0.675128
0.529049
0.637780
0.620713
0.339155
0.375830
0.724901
0.217160
0.754650
0.952295
0.406404
0.520548
0.668735
0.129678
0.813774
0.806791
0.510980
0.759859
0.673471
0.959156
0.712088
0.980414
0.057630
0.662928
0.515474
0.003847
0.067474
0.685766
0.097088
0.029162
0.427144
0.971458
0.808597
0.167450
0.325928
0.013139
0.895458
0.598982
0.329745
0.482731
0.185400
0.089454
0.283782
0.079138
0.639559
0.837327
0.394057
0.557042
0.100551
0.231800
0.016219
0.150975
0.149424
0.667076
0.129803
0.673235
0.302689
0.961921
0.069330
0.093108
0.528139
0.398180
0.051206
0.373744
0.887034
0.496268
0.802519
0.387147
0.129471
0.020104
0.729884
0.065165
0.577276
0.818279
0.500596
0.364913
0.317707
0.128112
0.243908
0.525529
0.179429
0.638373
0.742555
0.545625
0.084723
0.495272
0.920802
0.585117
0.392591
0.176397
0.049447
0.857415
0.618228
0.201460
0.759520
0.971500
0.057630
0.064762
0.880460
0.186579
0.016084
0.705064
0.707408
0.926547
0.238444
0.021370
0.301134
0.008525
0.404712
0.636712
0.033130
0.663521
0.123311
0.187369
0.166218
0.909452
0.468616
0.401735
0.008080
0.308884
0.910775
0.147147
0.193091
0.200085
0.117103
0.789100
0.378878
0.790083
0.335087
0.260438
0.085037
0.524055
0.862910
0.974282
0.094764
0.845089
0.046939
0.975892
0.932477
0.523263
0.222496
0.557042
0.372137
0.323343
0.098741
0.858749
0.263755
0.400449
0.896459
0.710685
0.227474
0.845187
0.819113
0.862345
0.154309
0.511653
0.003700
0.373555
0.386083
0.765828
0.039075
0.612079
0.345050
0.638966
0.930643
0.333066
0.810716
0.699430
0.665891
0.971500
