0.000000
0.000000
0.000000
0.000000
0.000000
0.000000
0.000000
0.000000
0.607680
0.650068
0.904899
0.409174
0.568338
0.854733
0.988007
0.355200
0.914569
0.215329
0.988277
0.700279
0.772967
0.554458
0.452648
0.955885
0.000000
0.000000
0.000000
0.000000
0.000000
0.000000
0.000000
0.000000
0.000000
0.000000
0.000000
0.000000
0.000000
0.000000
0.000000
0.000000
0.000000
0.000000
0.000000
0.000000
0.000000
0.000000
0.000000
0.000000
0.000000
0.000000
0.000000
0.000000
0.000000
0.000000
0.000000
0.000000
0.972748
0.655663
0.919036
0.344810
0.686632
0.636101
0.764497
0.940819
0.026304
0.318655
0.351348
0.368255
0.845710
0.357278
0.767091
0.325550
0.000000
0.000000
0.000000
0.000000
0.000000
0.000000
0.000000
0.000000
