0.000000
0.000000
0.000000
0.000000
0.000000
0.000000
0.000000
0.000000
0.000000
0.000000
0.000000
0.000000
0.000000
0.000000
0.000000
0.000000
0.000000
0.000000
0.527963
0.572615
0.714751
0.604440
0.236286
0.123966
0.272822
0.576455
0.423324
0.223345
0.243900
0.247572
0.370647
0.370685
0.373358
0.428881
0.287417
0.379997
0.579751
0.561617
0.822704
0.836385
0.725396
0.957648
0.987467
0.496902
0.429338
0.943994
0.863140
0.682962
0.399206
0.558261
0.819878
0.714867
0.617909
0.562383
0.385897
0.326449
0.240127
0.104859
0.044116
0.045886
0.125029
0.168808
0.220991
0.759624
0.758980
0.784337
0.476375
0.255116
0.137335
0.126633
0.108495
0.075547
