0.981711
0.653915
0.543213
0.262867
0.568414
0.658659
0.800910
0.465602
0.961723
0.942941
0.592276
0.407702
0.313988
0.840429
0.447098
0.916877
0.883636
0.827793
0.014184
0.903098
0.408901
0.768967
0.903098
0.669801
0.123709
0.744503
0.466462
0.910775
0.571208
0.121146
0.483169
0.845483
0.670867
0.057090
0.987285
0.120017
0.919774
0.945500
0.459925
0.772430
0.116573
0.953792
0.178450
0.544247
0.954012
0.786912
0.961674
0.790628
0.873179
0.227408
0.792262
0.713490
0.086506
0.990902
0.625213
0.937631
0.077019
0.971624
0.863192
0.070312
0.979914
0.950942
0.874451
0.128358
0.530413
0.338357
0.579497
0.845975
0.508739
0.716174
0.687182
0.372514
0.575757
0.820258
0.981711
0.802198
0.626872
0.795193
0.830653
0.350831
0.794434
0.969202
0.067358
0.628768
0.619411
0.659015
0.612788
0.590514
0.862722
0.278113
0.353107
0.753855
0.128317
0.999384
0.496158
0.215699
0.433636
0.375071
0.317029
0.998905
0.627939
0.240439
0.975628
0.931597
0.452481
0.659726
0.710568
0.412412
0.055983
0.196416
0.828612
0.855020
0.350650
0.623437
0.474780
0.903179
0.606882
0.231666
0.736925
0.291047
0.170877
0.136630
0.979678
0.350650
0.498375
0.677495
0.492620
0.723856
0.517163
0.429404
0.653084
0.817339
0.211115
0.232539
0.643118
0.949625
0.488653
0.982026
0.600749
0.801339
0.214246
0.833192
0.901721
0.873452
0.706236
0.444262
0.396410
0.820258
0.993725
0.527571
0.775769
0.392396
0.679505
0.876977
0.866370
0.703187
0.946101
0.788117
0.973691
0.864317
0.306560
0.177259
0.570626
0.961773
0.851058
0.645609
0.557042
0.536686
0.899517
0.987685
0.663758
0.859319
0.149331
0.055147
0.155612
0.467000
0.906935
0.990841
0.451423
0.793566
0.558315
0.918592
0.639203
0.052984
0.978681
0.409001
0.896542
0.640271
0.869701
0.922765
0.808491
0.563300
0.440809
0.321970
0.043496
0.670748
0.356402
0.723507
0.885123
0.735197
0.775658
0.826254
0.415032
0.707759
0.795301
0.400251
0.095206
0.370252
0.988719
0.888243
0.846859
0.273441
0.286294
0.864597
0.472613
0.059322
0.655575
0.409101
0.325928
0.314831
0.546085
0.595098
0.993725
0.976377
0.192224
0.222886
0.993335
0.563416
0.500707
0.161365
0.126968
0.650830
0.787898
0.785048
0.038530
0.249113
0.476735
0.736695
0.884336
0.851253
0.685294
0.719321
0.720368
0.677731
0.946459
0.544132
0.701896
0.959412
0.647745
0.722345
0.897786
0.717806
0.092613
0.718040
0.956971
0.144807
0.378974
0.719554
0.858368
0.474780
0.383864
0.783288
0.632443
0.321885
0.931053
0.852996
0.788226
0.378974
0.286294
0.798543
0.926828
0.469478
0.009282
0.876168
0.461956
0.770645
0.791391
0.826356
0.669445
0.936787
0.995147
0.681160
0.494609
0.028642
0.646915
0.363516
0.737731
0.807323
0.893948
0.784938
0.821193
0.948172
0.902856
0.686474
0.737040
0.595098
0.593452
0.952574
0.664943
0.626635
0.627820
0.801876
0.869332
0.470018
0.305239
0.082916
0.992381
0.808173
0.483607
0.249965
0.226616
0.939556
0.763693
0.071282
0.816084
0.663046
0.992895
0.696726
0.606882
0.018327
0.084183
0.145218
0.393177
0.765604
0.482294
0.986356
0.915598
0.675838
0.779648
0.252893
0.089933
0.413419
0.599336
0.794325
0.178178
0.291286
0.648694
0.792044
0.767623
0.228865
0.543787
0.957602
0.066803
0.136630
0.905185
0.182394
0.401339
0.622371
0.834305
0.349924
0.668972
0.475323
0.786803
0.490525
0.763467
0.060953
0.496158
0.161016
0.975476
0.324892
0.412412
0.378974
0.874903
0.823265
0.992472
0.588049
0.139870
0.717340
0.477822
0.811772
0.593452
0.429610
0.641813
0.616808
0.692134
0.928367
0.563532
0.987857
0.679623
0.618228
0.662454
0.696843
0.770309
0.392688
0.864317
0.978401
0.536800
0.255702
0.763355
0.292724
0.848818
0.301379
0.807216
0.718156
0.490415
0.080489
0.575057
0.778652
0.246289
0.905744
0.825328
0.904224
0.547695
0.555076
0.868502
0.456089
0.874541
0.673353
0.875897
0.678795
0.575174
0.545395
0.332628
0.991004
0.867391
0.889017
0.624503
0.879749
0.595334
0.291925
0.950143
0.343794
0.750214
0.385697
0.789210
0.150362
0.090476
0.429301
0.930916
0.820674
0.935477
0.884424
0.808597
0.964195
0.335881
0.521679
0.696726
0.143763
0.311136
0.437058
0.734735
0.716408
0.890302
0.811772
0.754082
0.339066
0.714658
0.859034
0.789428
0.641457
0.090809
0.598158
0.958848
0.304003
0.949683
0.986877
0.228931
0.328701
0.939747
0.882757
0.852222
0.267104
0.829837
0.990656
0.839131
0.778098
0.858559
0.592394
0.301297
0.174736
0.651660
0.484373
0.876798
0.985330
0.712322
0.417256
0.553228
0.272378
0.917625
0.904224
0.656050
0.283782
0.266059
0.277190
0.297717
0.345859
0.361196
0.551843
0.979644
0.633036
0.084154
0.958176
0.326533
0.064271
0.889361
0.673590
0.260511
0.901640
0.488214
0.367529
0.629598
0.476300
0.326966
0.550229
0.459605
0.362309
0.037584
0.403718
0.244187
0.981167
0.642406
0.455345
0.970998
0.584297
0.983013
0.831467
0.760762
0.769750
0.754082
0.796816
0.803055
0.846368
0.829939
0.979610
0.364540
0.495604
0.822023
0.571441
0.515136
0.671814
0.789100
0.985330
0.921750
0.932409
0.271544
0.835113
0.514911
0.404911
0.899270
0.478040
0.627228
0.641101
0.906459
0.134606
0.492951
0.937631
0.966981
0.357781
0.638610
0.961970
0.726525
0.411608
0.719903
0.385697
0.644660
0.654270
0.580433
0.636000
0.618583
0.959667
0.746448
0.577743
0.563996
0.240922
0.479892
0.931800
0.903098
0.796599
0.919553
0.700252
0.931800
0.943187
0.954992
0.171822
0.288663
0.847546
0.575641
0.637780
0.948581
0.554036
0.971955
0.897455
0.025341
0.486786
0.615034
0.823368
0.900009
0.693194
0.888501
0.139826
0.973968
0.769750
