0.016144
0.016594
0.016895
0.024670
0.012439
0.012340
0.023800
0.024654
0.046236
0.036785
0.019146
0.022515
0.058438
0.181311
0.207958
0.190309
0.204710
0.167209
0.000000
0.000000
0.000000
0.000000
0.000000
0.000000
0.000000
0.000000
0.000000
0.000000
0.000000
0.000000
0.000000
0.000000
0.000000
0.000000
0.000000
0.000000
0.700145
0.707237
0.848034
0.982505
0.707092
0.765859
0.778031
0.547271
0.680245
0.725197
0.850129
0.720510
0.854595
0.680245
0.611446
0.699040
0.792629
0.869233
0.184163
0.163002
0.118204
0.088052
0.086868
0.109029
0.280980
0.254263
0.239959
0.865324
0.795801
0.918014
0.967129
0.833682
0.695924
0.534216
0.410714
0.527581
0.011944
0.027615
0.091403
0.240087
0.337452
0.214366
0.132761
0.099619
0.092813
0.918865
0.848420
0.698597
0.396986
0.304363
0.348890
0.347540
0.385431
0.679008
0.000000
0.000000
0.000000
0.000000
0.000000
0.000000
0.000000
0.000000
0.000000
0.000000
0.000000
0.000000
0.000000
0.000000
0.000000
0.000000
0.000000
0.000000
0.000000
0.000000
0.000000
0.000000
0.000000
0.000000
0.000000
0.000000
0.000000
0.000000
0.000000
0.000000
0.000000
0.000000
0.000000
0.000000
0.000000
0.000000
0.472495
0.410890
0.674455
0.824624
0.934915
0.866301
0.597574
0.334847
0.275134
0.876110
0.979483
0.683002
0.637352
0.923115
0.623986
0.557323
0.633152
0.782942
0.892866
0.769731
0.563574
0.476733
0.473217
0.759546
0.756243
0.363686
0.431477
0.547462
0.593112
0.975236
0.706889
0.578694
0.279563
0.165717
0.135306
0.149251
0.794428
0.824381
0.985736
0.845898
0.657000
0.903043
0.403156
0.333234
0.505354
0.698933
0.378436
0.290508
0.333831
0.194849
0.054340
0.038650
0.047638
0.051292
