0.649071
0.344178
0.382331
0.621108
0.909412
0.572670
0.881989
0.862866
0.016927
0.116004
0.476649
0.301172
0.664947
0.288351
0.446690
0.538166
0.096277
0.002769
0.000178
0.018806
0.031077
0.026847
0.161108
0.387052
0.743586
0.265676
0.799419
0.695541
0.774551
0.857830
0.124423
0.415475
0.000000
0.000000
0.000000
0.000000
0.000000
0.000000
0.000000
0.000000
0.000000
0.000000
0.000000
0.000000
0.000000
0.000000
0.000000
0.000000
0.406424
0.124461
0.247045
0.402877
0.599202
0.058593
0.286318
0.428041
0.583752
0.509398
0.577424
0.323966
0.459970
0.556103
0.074617
0.280572
0.276257
0.699812
0.604824
0.030725
0.548178
0.971771
0.551171
0.440551
0.000000
0.000000
0.000000
0.000000
0.000000
0.000000
0.000000
0.000000
