0.000000
0.000000
0.000000
0.000008
0.000000
0.000023
0.083674
0.001175
0.000005
0.000122
0.171297
0.052024
0.007146
0.493614
0.320687
0.000068
0.014082
0.146134
0.021147
0.009502
0.498486
0.116008
0.216524
0.239818
0.264868
0.793892
0.140091
0.786145
0.174256
0.000000
0.001058
0.040287
0.131136
0.926617
0.055495
0.086768
0.333417
0.131471
0.019723
0.277497
0.713607
0.000140
0.233144
0.448045
0.200443
0.202903
0.187595
0.073534
0.362309
0.292804
0.332891
0.000000
0.011528
0.001491
0.567134
0.723740
0.004839
0.426631
0.013985
0.002325
0.311973
0.199014
0.247204
0.028821
0.212801
0.029702
0.058542
0.000000
0.009913
0.018781
0.026569
0.000002
0.007625
0.000000
0.000000
0.000002
0.000133
0.000259
0.000369
0.204294
0.000001
0.001871
0.061612
0.180194
0.887898
0.011812
0.706588
0.362030
0.000084
0.205144
0.988364
0.125470
0.002252
0.794759
0.935477
0.152016
0.000000
0.000020
0.055012
0.038683
0.440600
0.012418
0.068314
0.015355
0.254187
0.161066
0.000113
0.659726
0.072363
0.729884
0.023545
0.083477
0.419791
0.853575
0.522923
0.609125
0.094042
0.479456
0.000001
0.014452
0.234494
0.013826
0.077360
0.107631
0.765716
0.149893
0.076368
0.732889
0.002558
0.949740
0.054954
0.469910
0.000026
0.339866
0.005095
0.245236
0.030843
0.130093
0.018148
0.026373
0.000238
0.000579
0.000020
0.000000
0.000000
0.000000
0.000000
0.000000
0.515136
0.179102
0.273289
0.226221
0.240922
0.841921
0.401834
0.465280
0.588988
0.175217
0.451423
0.107702
0.887294
0.481092
0.279968
0.242863
0.017285
0.232875
0.750898
0.008147
0.104055
0.379738
0.177529
0.952630
0.528708
0.635052
0.519306
0.485250
0.262867
0.188275
0.532349
0.497931
0.000550
0.916050
0.965511
0.541264
0.013647
0.000204
0.173089
0.685412
0.479456
0.697902
0.548386
0.085294
0.857224
0.303099
0.128522
0.300807
0.850767
0.399166
0.821608
0.138680
0.457685
0.143989
0.448256
0.090809
0.063828
0.738306
0.905265
0.849111
0.232606
0.134435
0.017621
0.524735
0.796708
0.064405
0.279503
0.874541
0.401240
0.287714
0.094356
0.272378
0.440391
0.203567
0.515136
0.452058
0.236735
0.118438
0.993318
0.117940
0.440078
0.885384
0.102763
0.365286
0.881169
0.044930
0.805192
0.210803
0.118629
0.755444
0.885123
0.516487
0.586289
0.268828
0.382230
0.190212
0.421725
0.337914
0.973053
0.656761
0.080543
0.012257
0.073334
0.213931
0.577860
0.705650
0.197063
0.543213
0.143401
0.653084
0.320175
0.926758
0.357873
0.563648
0.915900
0.225105
0.385503
0.968369
0.789100
0.701544
0.962801
0.637424
0.269355
0.515812
0.039357
0.406604
0.835214
0.658659
0.224712
0.985983
0.195536
0.115707
0.479238
0.841723
0.182505
0.138242
0.612079
0.690013
0.713490
0.669919
0.216079
0.432395
0.487444
0.352196
0.165400
0.577743
0.244676
0.201820
0.007973
0.004166
0.198777
0.069904
0.461421
0.115632
0.197593
0.021218
0.243559
0.115070
0.136803
0.679150
0.285114
0.592276
0.091112
0.332190
0.187539
0.573540
0.143491
0.003545
0.442586
0.544361
0.487994
0.173247
0.076082
0.561559
0.078470
0.013543
0.689659
0.259486
0.540691
0.205571
0.273289
0.138812
0.400153
0.727104
0.042741
0.023328
0.571092
0.270712
0.210679
0.493724
0.219654
0.463348
0.161465
0.643948
0.045058
0.011591
0.449416
0.655694
0.013532
0.052780
0.018224
0.274203
0.507621
0.480329
0.248334
0.553459
0.236395
0.324720
0.543902
0.516375
0.565274
0.298366
0.469478
0.000002
0.777323
0.350015
0.087264
0.178776
0.074900
0.258171
0.048255
0.000191
0.007973
0.180413
0.142725
0.248688
0.271847
0.177421
0.158540
0.161865
0.434671
0.277574
0.333329
0.001762
0.130218
0.576809
0.877247
0.449838
0.536343
0.034922
0.818175
0.931189
0.111970
0.158245
0.551843
0.299747
0.552651
0.235919
0.568646
0.246992
0.841623
0.624384
0.557505
0.363516
0.672880
0.561095
0.620832
0.032038
0.030063
0.300644
0.028079
0.639915
0.761552
0.387631
0.367435
0.000591
0.740949
0.408101
0.110087
0.439244
0.235172
0.590279
0.359532
0.244396
0.555770
0.656406
0.298772
0.183669
0.946101
0.902775
0.844990
0.115257
0.010601
0.128358
0.603461
0.024546
0.004833
0.843508
0.636356
0.650711
0.630665
0.016846
0.751695
0.774991
0.465495
0.000191
0.000812
0.776657
0.923486
0.961078
0.316182
0.422234
0.542754
0.560400
0.002905
0.001592
0.679859
0.918518
0.741293
0.594510
0.021242
0.774101
0.197534
0.839431
0.474238
0.186636
0.926476
0.669209
0.371570
0.563416
0.711036
0.525075
0.258755
0.939684
0.394742
0.662098
0.084183
0.013836
0.490525
0.114996
0.543787
0.513899
0.437370
0.305404
0.228732
0.427657
0.502265
0.422846
0.941574
0.915220
0.970872
0.501486
0.865625
0.331140
0.251461
0.981488
0.119824
0.322056
0.579029
0.129927
0.349018
0.590984
0.180304
0.815769
0.932139
0.414023
0.130593
0.075695
0.264052
0.096670
0.567134
0.133327
0.583125
0.445206
0.375355
0.570509
0.169052
0.859224
0.062668
0.942755
0.000812
0.390738
0.101317
0.911781
0.251962
0.394644
0.132988
0.016750
0.003766
0.528139
0.884861
0.308468
0.141962
0.361011
0.336675
0.647152
0.531666
0.066918
0.664587
0.093139
0.577276
0.259998
0.001082
0.005000
0.744045
0.526096
0.425196
0.706471
0.489534
0.636712
0.888501
0.652728
0.028684
0.521113
0.634340
0.870620
0.041076
0.400844
0.372042
0.994370
0.388794
0.658541
0.392298
0.296100
0.454920
0.981806
0.384732
0.284252
0.296100
0.697902
0.524055
0.040302
0.866463
0.839331
0.008144
0.334735
0.144216
0.274127
0.403718
0.198658
0.257298
0.538973
0.580901
0.753969
0.010381
0.598158
0.334295
0.245867
0.609125
0.495604
0.031206
0.485469
0.303510
0.942755
