0.837127
0.640864
0.846172
0.514012
0.764480
0.963092
0.736003
0.771315
0.727220
0.715824
0.414729
0.626043
0.373555
0.968457
0.068596
0.667905
0.730925
0.911781
0.198895
0.732543
0.394742
0.635763
0.777212
0.999157
0.829429
0.720950
0.623437
0.025256
0.822954
0.475214
0.717690
0.906856
0.798435
0.840429
0.855212
0.859699
0.478584
0.850086
0.908197
0.650355
0.366874
0.841524
0.606410
0.671104
0.182339
0.592276
0.714191
0.753628
0.821712
0.515024
0.753855
0.908982
0.456727
0.734043
0.139428
0.158983
0.228732
0.062278
0.146962
0.660201
0.168689
0.587228
0.936461
0.534630
0.216714
0.323343
0.859509
0.939429
0.474888
0.200742
0.926828
0.825842
0.780532
0.608181
0.837127
0.115970
0.850767
0.837127
0.206364
0.329919
0.894788
0.489864
0.522810
0.071747
0.179102
0.641694
0.095174
0.350196
0.947172
0.021659
0.542181
0.298528
0.824607
0.812616
0.563764
0.757484
0.838831
0.891325
0.030979
0.599925
0.442481
0.609125
0.805832
0.721532
0.720485
0.731503
0.888501
0.941011
0.192744
0.109620
0.595451
0.724088
0.196005
0.106999
0.777544
0.891920
0.488434
0.352834
0.814195
0.773433
0.618701
0.454814
0.594863
0.598865
0.887121
0.628887
0.532121
0.270561
0.836524
0.311387
0.202722
0.947997
0.230796
0.922910
0.722810
0.908276
0.940191
0.264422
0.217096
0.739915
0.982400
0.967207
0.782738
0.798111
0.834811
0.795301
0.943002
0.608181
0.659726
0.185736
0.926547
0.903259
0.551382
0.790955
0.888501
0.792371
0.072909
0.938341
0.827588
0.080136
0.481857
0.557736
0.855500
0.425606
0.051495
0.848231
0.747362
0.854443
0.617636
0.866556
0.502487
0.640745
0.810716
0.055031
0.315675
0.374217
0.612552
0.873725
0.258098
0.636356
0.902532
0.673945
0.254908
0.381846
0.875536
0.983671
0.930506
0.910542
0.164841
0.892513
0.169572
0.923774
0.889189
0.106300
0.708696
0.553805
0.706822
0.693430
0.749188
0.945561
0.385503
0.536343
0.297798
0.501374
0.866649
0.132270
0.361381
0.890473
0.471963
0.804872
0.936003
0.893864
0.764592
0.856076
0.991806
0.837929
0.149986
0.902289
0.855692
0.914993
0.356218
0.884861
0.659726
0.574940
0.588753
0.602989
0.600396
0.969593
0.940759
0.928158
0.533489
0.636000
0.759972
0.907567
0.984940
0.714541
0.496712
0.536914
0.324548
0.538858
0.342809
0.360086
0.470990
0.981584
0.477496
0.974399
0.911240
0.262277
0.708813
0.898530
0.881169
0.894200
0.068643
0.374407
0.668735
0.391615
0.515699
0.392493
0.975779
0.557736
0.150409
0.288822
0.179975
0.958280
0.319152
0.865065
0.582891
0.540232
0.542869
0.274661
0.058828
0.794976
0.817130
0.353290
0.767399
0.912089
0.803269
0.109084
0.775658
0.875084
0.475540
0.326101
0.763918
0.273975
0.266208
0.409402
0.339333
0.043542
0.016423
0.364354
0.902856
0.076941
0.265984
0.851544
0.793674
0.884861
0.392981
0.198717
0.370440
0.890814
0.834305
0.593099
0.359255
0.275579
0.801554
0.508068
0.962117
0.287556
0.959514
0.689423
0.880637
0.443004
0.505944
0.145081
0.684822
0.820882
0.121969
0.909530
0.809658
0.518065
0.794217
0.650118
0.182394
0.953351
0.418472
0.658659
0.772653
0.922259
0.339777
0.428170
0.840030
0.651067
0.383287
0.370346
0.288742
0.496712
0.264274
0.981963
0.480656
0.766277
0.424276
0.497044
0.717573
0.368936
0.838330
0.845975
0.167707
0.836725
0.213680
0.605112
0.847350
0.477496
0.217797
0.247980
0.987361
0.864878
0.444157
0.951395
0.882229
0.144990
0.144990
0.133115
0.555423
0.912166
0.002785
0.881434
0.408101
0.702718
0.461528
0.917027
0.392981
0.375260
0.145309
0.102358
0.346669
0.943002
0.558083
0.836725
0.787898
0.951677
0.533831
0.678441
0.472721
0.085725
0.939238
0.787898
0.659134
0.189356
0.489754
0.292804
0.365659
0.386373
0.657948
0.426733
0.947349
0.849599
0.660912
0.195419
0.838831
0.343077
0.889017
0.328701
0.842517
0.957392
0.774101
0.687890
0.282065
0.351468
0.464743
0.797788
0.991004
0.199846
0.277497
0.134221
0.498042
0.714541
0.564229
0.246218
0.683286
0.038697
0.978119
0.079541
0.503267
0.531096
0.733235
0.983583
0.569694
0.591219
0.060510
0.149050
0.981328
0.529276
0.611961
0.494940
0.444786
0.900989
0.955209
0.702131
0.810610
0.816712
0.907014
0.718389
0.514911
0.917027
0.317029
0.636475
0.466570
0.542640
0.173990
0.526550
0.091325
0.081584
0.707759
0.084013
0.348927
0.649288
0.139428
0.629361
0.014217
0.713023
0.780974
0.590514
0.212050
0.798650
0.912089
0.732658
0.221718
0.591454
0.843904
0.759972
0.816817
0.176020
0.933685
0.419081
0.986877
0.654389
0.395330
0.099527
0.869977
0.472829
0.124387
0.740719
0.885819
0.783398
0.972730
0.401042
0.924204
0.765941
0.707993
0.790737
0.752605
0.367623
0.810716
0.752378
0.866090
0.759520
0.304826
0.111751
0.624029
0.290808
0.564229
0.095364
0.830755
0.934750
0.836121
0.799512
0.446046
0.721299
0.401636
0.496601
0.573190
0.446782
0.273594
0.850280
0.704712
0.983344
0.684113
0.640389
0.317029
0.339688
0.890046
0.299829
0.522583
0.751695
0.217606
0.539087
0.721997
0.356218
0.319834
0.952686
0.690249
0.697902
0.200145
0.588870
0.587697
0.941449
0.884948
0.839031
0.890729
0.837327
0.493724
0.938982
0.934750
0.711387
0.746791
0.551151
0.545395
0.056494
0.934949
0.576341
0.185512
0.731503
0.732427
0.516825
0.925557
0.914917
0.477278
0.601457
0.515024
0.882757
0.766165
0.985686
0.925770
0.977258
0.667432
0.892005
0.633747
0.074240
0.969506
0.911704
0.556001
0.675957
0.918962
0.921459
0.581486
0.456195
0.797788
0.923774
0.438723
0.755104
0.719088
0.896957
0.856171
0.259632
0.639796
0.255052
0.829021
0.702718
0.642050
0.251033
0.070723
0.640389
0.436746
0.872359
0.813248
0.621661
0.712906
0.885297
0.252893
0.969980
0.214435
0.408601
0.999952
0.598511
0.719670
0.609243
0.326187
0.786145
0.520887
0.832483
0.930437
0.904945
0.464743
0.001803
0.385407
0.744961
0.014474
0.440078
0.568297
0.417762
0.986224
0.760875
0.181456
0.556926
0.596510
0.987006
0.426221
0.951169
0.421215
0.540805
0.888071
0.814825
0.996636
0.857701
0.831772
0.394253
0.817862
0.183614
0.694254
0.762341
0.845286
0.795842
0.463027
0.386373
0.366500
0.853286
0.219847
0.167759
0.106754
0.694372
0.922621
0.410003
0.277036
0.607708
0.292564
0.767847
0.609362
0.554614
0.937372
0.907961
0.744045
0.760311
0.991064
0.580199
0.892429
0.891070
0.436746
0.734159
0.707759
0.363702
0.821193
0.199549
0.783068
0.838230
0.343346
0.790519
0.990279
0.951902
0.385503
0.587580
0.513225
0.815665
0.810610
0.992685
0.543213
0.542984
0.801447
0.349561
0.768632
0.849501
0.405906
0.398082
0.980513
0.498597
0.867854
0.985052
0.827793
0.232136
0.115445
0.391615
0.614798
0.953130
0.637542
0.887207
0.699665
0.952686
0.638728
0.433532
0.446046
0.529162
0.081943
0.444576
0.223863
0.907725
0.696608
0.484264
0.614798
0.430022
0.751467
0.658659
0.921823
0.820985
0.686592
0.804445
0.663165
0.877336
0.657355
0.569228
0.433429
0.221136
0.265240
0.612906
0.467861
0.767847
0.883899
0.656050
0.573074
0.641813
0.940317
0.891070
0.670156
0.645609
0.868132
0.295454
0.846467
0.943862
0.821815
0.449310
0.745648
0.814825
0.673590
0.471098
0.688952
0.958383
0.788773
0.932477
0.475974
0.876438
0.905265
0.157266
0.812722
0.914689
0.851931
0.756011
0.764705
0.724901
0.867020
0.930300
0.777212
0.604050
0.847644
0.187313
0.254187
0.671932
0.524848
0.795409
0.647389
0.812722
0.751240
0.641931
0.800265
0.046739
0.472937
0.346309
0.972201
0.628294
0.659015
0.058176
0.617991
0.673235
0.230997
0.632206
0.271317
0.908669
0.393959
0.792914
0.998299
0.690249
0.513450
0.015408
0.438098
0.305569
0.490084
0.259998
0.781305
0.705299
0.534858
0.587580
0.040811
0.990364
0.711270
0.990087
0.516149
0.834002
0.670156
0.467000
0.933685
0.295616
0.980612
0.926758
0.883197
0.807535
0.671932
0.860647
0.554729
0.620358
0.615152
0.190270
0.809234
0.149377
0.119630
0.370534
0.280510
0.451529
0.585234
0.957287
0.780974
0.631257
0.617045
0.525189
0.978366
0.291127
0.475105
0.058399
0.892852
0.778431
0.894620
0.277497
0.826459
0.332277
0.851641
0.907961
0.917176
0.172349
0.358609
0.724088
0.522018
0.136934
0.718273
0.143899
0.566785
0.776768
0.146685
0.964810
0.728958
0.131807
0.760311
0.227738
0.483169
0.704361
0.714424
0.324634
0.821089
0.150598
0.543558
0.576341
0.278191
0.283079
0.935081
0.652016
0.869240
0.520096
0.169156
0.704009
0.577977
0.031840
0.160419
0.845483
0.764255
0.869701
0.443947
0.943556
0.435812
0.396606
0.404513
0.037502
0.400943
0.824091
0.607826
0.528480
0.590279
0.489424
0.115108
0.649643
0.873088
0.248546
0.911163
0.752378
0.796275
0.729999
0.841921
0.967970
0.845089
0.241891
0.912012
0.159873
0.510980
0.751012
0.686828
0.814405
0.763242
0.795409
0.600514
0.694254
0.918221
0.451740
0.843211
0.960376
0.777101
0.935674
0.705299
0.675365
0.654626
0.067497
0.273975
0.887726
0.387631
0.900581
0.520322
0.971583
0.073785
0.927320
0.661624
0.863004
0.456195
0.999895
0.307306
0.305651
0.504605
0.341469
0.652254
0.173247
0.904465
0.969636
0.977040
0.704947
0.254980
0.903581
0.891240
0.039784
0.971955
0.699900
0.764255
0.009043
0.862722
0.829327
0.946220
0.516487
0.458858
0.532805
0.369217
0.100950
0.828918
0.748618
0.487005
0.414023
0.733235
0.285979
0.153829
0.361752
0.869885
0.398870
0.994929
0.283782
0.865904
0.839930
0.591454
0.111678
0.734389
0.210990
0.865531
0.981869
0.839630
0.501931
0.373082
0.937631
0.897123
0.872906
0.385214
0.067776
0.799512
0.682223
0.010142
0.969980
0.951677
0.987759
0.676075
0.321885
0.546890
0.636119
0.531096
0.589457
0.265091
0.414830
0.401537
0.715358
0.629005
0.887985
0.608181
0.564112
0.765941
0.685058
0.862534
0.947938
0.377924
0.930506
0.298366
0.781636
0.666128
0.388600
0.564229
0.081007
0.253324
0.641931
0.915069
0.699900
0.797895
0.871353
0.814930
0.204658
0.924204
0.550114
0.144216
0.548731
0.291446
0.986540
0.733813
0.372609
0.556926
0.863473
0.907172
0.212676
0.534402
0.353655
0.782848
0.309550
0.704243
0.499485
0.759633
0.463885
0.711036
0.364726
0.389669
0.965511
0.660675
0.600749
0.504605
0.832077
0.548271
0.898199
0.309716
0.588988
0.849891
0.702131
0.045786
0.773656
0.564112
0.098155
0.282532
0.531096
0.402131
0.599689
0.921386
0.816398
0.911318
0.724785
0.213491
0.488543
0.905504
0.614798
0.713957
0.788226
0.762792
0.666365
0.205753
0.613379
0.936722
0.941512
0.863380
0.337914
0.705650
0.671104
0.928853
0.833192
0.709515
0.807429
0.217478
0.746791
0.813248
0.650237
0.797895
0.820985
0.274738
0.373271
0.329049
0.725597
0.467646
0.399659
0.949740
0.435916
0.700957
0.581135
0.938790
0.346579
0.978924
0.937437
0.042527
0.798327
0.517276
0.827895
0.686474
0.574707
0.730693
0.503044
0.965511
0.061207
0.387728
0.414729
0.363609
0.935740
0.536571
0.275196
0.718506
0.750784
0.523149
0.879749
0.721997
0.785048
0.487554
0.366219
0.483388
0.254835
0.839531
0.970830
0.466247
0.891240
0.550920
0.217925
0.978012
0.794217
0.906300
0.909061
0.749645
0.338268
0.827485
0.166884
0.510532
0.243978
0.755558
0.233954
0.540003
0.776213
0.862440
0.385310
0.479238
0.787898
0.599807
0.567948
0.780532
0.348204
0.969376
0.981102
0.627109
0.645847
0.702483
0.883548
0.530869
0.832787
0.158589
0.641576
0.223472
0.903903
0.720601
0.107139
0.534972
0.240646
0.065391
0.872815
0.869885
0.386470
0.676193
0.469694
0.631613
0.857797
0.652254
0.194952
0.318301
0.989914
0.023189
0.219526
0.985632
0.726177
0.624029
0.290728
0.959361
0.824297
0.394546
0.487335
0.978890
0.956228
0.777988
0.320858
0.796708
0.074875
0.670748
0.957077
0.557273
0.543558
0.942322
0.438931
0.950771
0.759859
0.602753
0.855116
0.470558
0.690131
0.913547
0.732658
0.938212
0.911318
0.629242
0.626280
0.939556
0.775547
0.953517
0.969894
0.814090
0.506950
0.152349
0.877336
0.516149
0.812616
0.721415
0.050506
0.851253
0.836121
0.643118
0.340400
0.702483
0.798111
0.580199
0.532805
0.075233
0.786803
0.451211
0.168534
0.163524
0.499374
0.574007
0.807960
0.432498
0.495272
0.990151
0.908355
0.164181
0.753855
0.872085
0.353746
0.864410
0.676193
0.760649
0.643948
0.206059
0.405309
0.865251
0.618938
0.484264
0.987857
0.135206
0.801554
0.596628
0.267030
0.903662
0.820985
0.830653
0.216016
0.676193
0.591571
0.155032
0.237555
0.701074
0.651779
0.950028
0.630190
0.293525
0.576809
0.740605
0.798974
0.181346
0.149752
0.946459
0.538630
0.433222
0.609598
0.716874
0.400745
0.468185
0.814930
0.728611
0.617281
0.492178
0.299178
0.624858
0.636356
0.065843
0.509299
0.688008
0.512439
0.952908
0.222367
0.496933
0.340400
0.157706
0.317707
0.980282
0.470774
0.557505
0.937242
0.818071
0.164841
0.816398
0.233279
0.371948
0.458005
0.820985
0.812827
0.033555
0.587345
0.767735
0.406604
0.870620
0.059674
0.343346
0.920729
0.472288
0.235851
0.822230
0.646915
0.756918
0.100585
0.861591
0.952462
0.886861
0.811878
0.303510
0.254980
0.557505
0.638728
0.329397
0.288030
0.456514
0.814615
0.037448
0.752036
0.941073
0.478693
0.793240
0.042909
0.265389
0.893443
0.672288
0.779095
0.453753
0.840030
0.977258
0.907961
0.968413
0.751695
0.806045
0.561791
0.829225
0.574123
0.552766
0.671222
0.818697
0.925486
0.925699
0.152064
0.099791
0.618465
0.984429
0.934485
0.430125
0.921459
0.702835
0.916201
0.157706
0.863567
0.743702
0.886167
0.581486
0.182450
0.427041
0.500151
0.407402
0.922765
0.818697
0.893358
0.581603
0.690484
0.012751
0.575407
0.580199
0.641576
0.418573
0.643118
0.976820
0.057953
0.010568
0.645253
0.606292
0.911549
0.237076
0.395036
0.748960
0.135550
0.092552
0.752378
0.962509
0.794976
0.866370
0.954721
0.453541
0.198066
0.684822
0.312560
0.012830
0.920875
0.832888
0.208081
0.206425
0.999898
0.952630
0.588988
0.376305
0.667550
0.337559
0.896542
0.863661
0.702366
0.880016
0.500485
0.119399
0.691192
0.903662
0.629953
0.809764
0.659015
0.917848
0.972201
0.659608
0.757711
0.898199
0.279658
0.555192
0.403222
0.984429
0.331140
0.636949
0.916201
