0.099857
0.179921
0.123549
0.616335
0.014641
0.037045
0.739686
0.070457
0.033518
0.264126
0.038075
0.077098
0.023017
0.000027
0.000012
0.012934
0.521792
0.711036
0.220169
0.115108
0.011083
0.615625
0.381366
0.142096
0.065504
0.001022
0.009015
0.000989
0.014855
0.072314
0.228665
0.002919
0.956600
0.010515
0.321885
0.170668
0.042088
0.103305
0.006696
0.002508
0.264126
0.068385
0.133624
0.007637
0.117065
0.133370
0.005302
0.416750
0.000564
0.024265
0.035458
0.041090
0.333944
0.000474
0.246570
0.558778
0.000249
0.000069
0.321713
0.072884
0.017742
0.084580
0.032497
0.002335
0.000000
0.035471
0.001042
0.044834
0.017555
0.000169
0.017410
0.062646
0.000013
0.010552
0.099857
0.033701
0.197239
0.024922
0.000544
0.712555
0.094512
0.058603
0.554614
0.005340
0.001793
0.173194
0.122362
0.065008
0.478258
0.241822
0.000000
0.128810
0.091204
0.917475
0.026667
0.226550
0.407003
0.542525
0.176881
0.006068
0.099659
0.638728
0.100187
0.086245
0.341826
0.142320
0.006506
0.062451
0.046491
0.005131
0.159823
0.000000
0.747134
0.070723
0.000614
0.036171
0.395527
0.001001
0.352651
0.036791
0.000006
0.060678
0.247204
0.105224
0.024391
0.000400
0.190327
0.043901
0.008109
0.387631
0.020732
0.000800
0.001349
0.000000
0.702718
0.004256
0.034457
0.017728
0.030395
0.259925
0.000451
0.204658
0.118246
0.000165
0.465817
0.208451
0.041788
0.010552
0.085380
0.179811
0.107702
0.296665
0.000966
0.021708
0.977403
0.190441
0.389474
0.307140
0.155080
0.967791
0.027465
0.879838
0.012639
0.186523
0.860836
0.126886
0.200383
0.847350
0.242168
0.010198
0.602400
0.455239
0.256064
0.467215
0.224320
0.650949
0.024050
0.153781
0.042634
0.246992
0.364913
0.002155
0.011685
0.169676
0.502265
0.033251
0.376210
0.009171
0.419690
0.834609
0.581954
0.475757
0.025605
0.779316
0.733351
0.156632
0.764930
0.524395
0.867947
0.854346
0.313231
0.462598
0.278808
0.072338
0.004312
0.259852
0.801554
0.058890
0.583945
0.908826
0.036015
0.080898
0.061741
0.096670
0.011694
0.310968
0.151447
0.335175
0.012041
0.548731
0.075105
0.048409
0.085380
0.152064
0.016649
0.266507
0.335969
0.640982
0.006234
0.551728
0.239681
0.616217
0.052817
0.005172
0.135722
0.321371
0.658896
0.121420
0.040855
0.126521
0.775991
0.607354
0.029604
0.022517
0.213680
0.671340
0.330442
0.326620
0.091204
0.021418
0.167604
0.042119
0.077913
0.595451
0.020111
0.705768
0.101150
0.005632
0.581252
0.860173
0.813880
0.624147
0.507509
0.770533
0.332190
0.587580
0.048925
0.612079
0.117407
0.200503
0.050918
0.353838
0.001016
0.906380
0.009100
0.150315
0.480765
0.094922
0.411106
0.146317
0.880814
0.004268
0.089783
0.031218
0.121029
0.695196
0.349289
0.038102
0.141336
0.284644
0.430434
0.705885
0.279349
0.565506
0.748047
0.048409
0.132481
0.303674
0.050936
0.335264
0.353107
0.001138
0.149846
0.679387
0.147147
0.334911
0.972852
0.070288
0.699430
0.485579
0.171559
0.081971
0.105501
0.949970
0.767287
0.155806
0.269129
0.183725
0.000130
0.382230
0.920875
0.032378
0.700487
0.028526
0.191878
0.003739
0.802305
0.202421
0.239818
0.130760
0.582422
0.015775
0.030262
0.013847
0.258463
0.361104
0.513674
0.014353
0.044738
0.177475
0.443842
0.690366
0.632561
0.909139
0.061356
0.506503
0.033555
0.079165
0.246008
0.008049
0.278499
0.274280
0.437266
0.470342
0.835214
0.001783
0.090657
0.398180
0.115970
0.164384
0.292324
0.422336
0.679741
0.234089
0.119824
0.604640
0.966159
0.979779
0.007902
0.463563
0.132481
0.000466
0.141113
0.585586
0.688716
0.275655
0.439244
0.489644
0.463563
0.630902
0.592159
0.075669
0.903662
0.106824
0.078470
0.956281
0.580316
0.019261
0.007694
0.061016
0.182063
0.128934
0.628294
0.201340
0.897869
0.255124
0.081391
0.067242
0.316267
0.326101
0.095459
0.657710
0.126480
0.104948
0.011045
0.455026
0.194369
0.026706
0.593334
0.471314
0.481966
0.329832
0.013873
0.388989
0.001555
0.095016
0.334647
0.700722
0.000003
0.776990
0.118438
0.588870
0.167862
0.232539
0.613852
0.504047
0.755331
0.063147
0.381270
0.448361
0.066230
0.168845
0.193671
0.335352
0.372042
0.119437
0.467969
0.594628
0.290092
0.000057
0.332277
0.461956
0.941574
0.463563
0.029345
0.001770
0.793349
0.149190
0.182948
0.451211
0.255052
0.049587
0.047340
0.661149
0.064672
0.006698
0.139472
0.285743
0.259266
0.373365
0.481092
0.414023
0.887553
0.624503
0.151211
0.404314
0.664113
0.267478
0.002427
0.130135
0.263089
0.800158
0.321371
0.020461
0.042695
0.125792
0.745419
0.341291
0.157412
0.744847
0.493172
0.558431
0.138286
0.144489
0.185064
0.206854
0.062386
0.385793
0.079299
0.763805
0.247768
0.059136
0.791609
0.241822
0.509299
0.572957
0.003115
0.000431
0.128605
0.890131
0.494277
0.050721
0.227408
0.180852
0.047206
0.066459
0.259559
0.001459
0.881964
0.163221
0.303099
0.411809
0.169052
0.259486
0.480547
0.149424
0.737040
0.979132
0.029345
0.002483
0.537143
0.063169
0.730462
0.214435
0.448783
0.733120
0.839131
0.757031
0.161265
0.003149
0.221589
0.622253
0.794976
0.600043
0.034708
0.716291
0.232673
0.805086
0.753855
0.542754
0.110844
0.222626
0.120017
0.131933
0.304909
0.574357
0.570276
0.046178
0.919184
0.036592
0.963430
0.048101
0.377829
0.356953
0.187878
0.159923
0.692723
0.017555
0.083140
0.371382
0.721066
0.464099
0.218244
0.098025
0.001562
0.917326
0.567832
0.368185
0.637068
0.493724
0.858083
0.160617
0.544017
0.185961
0.614206
0.508627
0.718389
0.044659
0.408401
0.700017
0.725017
0.988578
0.138944
0.513000
0.891325
0.323171
0.034133
0.199370
0.895374
0.015303
0.585586
0.979132
0.127212
0.195419
0.510644
0.711036
0.693312
0.679859
0.656643
0.131807
0.461100
0.884861
0.245797
0.739801
0.735658
0.320090
0.211613
0.052281
0.891835
0.419182
0.401339
0.946816
0.269581
0.116611
0.760311
0.649999
0.058176
0.949336
0.936265
0.019392
0.093917
0.323171
0.229263
0.041149
0.771984
0.576809
0.196533
0.060237
0.458005
0.598040
0.136977
0.352469
0.587110
0.140003
0.219590
0.414124
0.060363
0.069712
0.136543
0.379452
0.018438
0.534402
0.053264
0.697078
0.340667
0.932004
0.373176
0.457898
0.602164
0.047172
0.638847
0.909061
0.120211
0.846270
0.817444
0.402527
0.066253
0.689423
0.446782
0.953241
0.062473
0.000492
0.053753
0.218820
0.481092
0.411809
0.127212
0.019059
0.142096
0.247063
0.142096
0.706822
0.986800
0.839431
0.145904
0.905504
0.030574
0.816921
0.448889
0.734735
0.475323
0.297798
0.416446
0.803055
0.760988
0.491517
0.498042
0.120444
0.263607
0.093170
0.569345
0.673353
0.947231
0.071600
0.993450
0.061059
0.017789
0.702249
0.260658
0.712555
0.172454
0.536686
0.712789
0.379834
0.910154
0.315252
0.514799
0.263681
0.025341
0.650118
0.582891
0.288980
0.122796
0.111315
0.049134
0.370157
0.715941
0.734620
0.017233
0.598158
0.317962
0.271241
0.357596
0.158147
0.031206
0.015414
0.290569
0.865904
0.692134
0.459391
0.477714
0.442376
0.376591
0.087118
0.144307
0.361938
0.465602
0.027083
0.398377
0.411809
0.332277
0.632917
0.510644
0.985412
0.275579
0.115782
0.279658
0.707174
0.029431
0.201101
0.197298
0.974825
0.283939
0.373933
0.243350
0.255124
0.079973
0.191820
0.299585
0.296100
0.564112
0.399856
0.378878
0.748276
0.569345
0.131052
0.446467
0.795626
0.275043
0.287872
0.358517
0.602635
0.984714
0.849404
0.806152
0.252965
0.479347
0.690131
0.189812
0.279503
0.245797
0.922114
0.575991
0.410805
0.306892
0.573890
0.033239
0.357504
0.221007
0.284408
0.452693
0.269957
0.205753
0.125510
0.703539
0.727568
0.216460
0.044516
0.278653
0.810716
0.580901
0.074773
0.170615
0.085524
0.025948
0.890473
0.130885
0.146134
0.327659
0.457579
0.055437
0.027063
0.118553
0.093917
0.332277
0.099297
0.355118
0.213554
0.831162
0.937761
0.124387
0.299585
0.571674
0.102459
0.632917
0.902046
0.845778
0.485250
0.453859
0.817548
0.076628
0.529162
0.165502
0.717573
0.159181
0.642999
0.619885
0.001538
0.107139
0.570276
0.594510
0.203870
0.420300
0.521226
0.373271
0.024023
0.236940
0.169676
0.067404
0.133539
0.174469
0.088976
0.886948
0.776768
0.399856
0.443214
0.150786
0.007649
0.848231
0.070096
0.052557
0.104879
0.583594
0.280743
0.984714
0.072834
0.399758
0.219013
0.571092
0.266955
0.353564
0.994970
0.413217
0.274127
0.624503
0.970746
0.340222
0.669919
0.927879
0.786693
0.121341
0.996142
0.218820
0.340400
0.426631
0.107596
0.494719
0.093917
0.267329
0.854539
0.818801
0.159230
0.326793
0.989827
0.141604
0.520774
0.065504
0.868410
0.909842
0.225499
0.101652
0.284957
0.781746
0.056554
0.825842
0.288901
0.385407
0.163322
0.446677
0.991692
0.459711
0.084723
0.530983
0.173619
0.755444
0.721648
0.225236
0.417864
0.361196
0.429199
0.148817
0.691192
0.069235
0.384250
0.419284
0.553690
0.167347
0.992199
0.728726
0.689305
0.653677
0.494277
0.703305
0.145584
0.630309
0.228931
0.291605
0.602635
0.540461
0.006835
0.259266
0.173247
0.672288
0.393275
0.833294
0.538286
0.040899
0.892344
0.785487
0.137020
0.681750
0.623200
0.004994
0.336940
0.984429
0.910387
0.242793
0.000747
0.510083
0.364354
0.120134
0.058115
0.267329
0.589223
0.982739
0.479674
0.387825
0.589810
0.821919
0.704126
0.416952
0.354478
0.284017
0.510756
0.722694
0.360733
0.882493
0.367155
0.672524
0.124427
0.638491
0.892344
0.223798
0.953241
0.039570
0.716874
0.047626
0.481092
0.483497
0.224385
0.795409
0.328006
0.660319
0.154839
0.292724
0.966526
0.877785
0.247980
0.245026
0.149097
0.396803
0.089065
0.556232
0.629598
0.367342
0.092675
0.367997
0.887467
0.239543
0.061591
0.921095
0.320602
0.836121
0.362494
0.384057
0.532919
0.117788
0.313399
0.285114
0.911163
0.185904
0.748846
0.888329
0.336940
0.369781
0.914917
0.268528
0.326966
0.602753
0.987159
0.415436
0.532007
0.750101
0.517050
0.813353
0.058115
0.922404
0.916727
0.281676
0.704478
0.087586
0.307223
0.690720
0.660675
0.526550
0.840329
0.592629
0.645965
0.561211
0.647982
0.850767
0.056534
0.748846
0.279194
0.649050
0.992946
0.057370
0.766726
0.327833
0.696608
0.460566
0.534858
0.336587
0.273822
0.499485
0.293605
0.044027
0.379834
0.829021
0.142680
0.652728
0.323687
0.652610
0.878858
0.132227
0.775658
0.777544
0.536343
0.754537
0.070096
0.920069
0.501041
0.609716
0.050524
0.359440
0.717806
0.195888
0.398180
0.662928
0.883899
0.964147
0.230529
0.147424
0.372042
0.502821
0.776102
0.884773
0.970788
0.671577
0.121851
0.225499
0.703539
0.025881
0.795518
0.630783
0.034207
0.678914
0.442795
0.204052
0.586876
0.922404
0.148212
0.765154
0.522244
0.256209
0.242030
0.774546
0.565623
0.777323
0.665891
0.625806
0.703187
0.410404
0.194078
0.762679
0.326706
0.346039
0.615744
0.626635
0.147470
0.446677
0.934086
0.651067
0.210306
0.857892
0.188502
0.055963
0.653203
0.236327
0.300236
0.119824
0.573074
0.710802
0.977547
0.525982
0.424685
0.466785
0.583476
0.377543
0.048598
0.683877
0.877874
0.678914
0.086855
0.990943
0.059695
0.270259
0.579848
0.193439
0.519758
0.363702
0.446677
0.895374
0.620477
0.534972
0.475648
0.427862
0.272529
0.463456
0.033227
0.536457
0.727336
0.364167
0.206242
0.281909
0.517501
0.468831
0.121146
0.764030
0.134178
0.916276
0.821401
0.939874
0.586876
0.564809
0.960174
0.600867
0.508404
0.250249
0.636119
0.944289
0.763017
0.812405
0.171402
0.374786
0.683759
0.408201
0.703187
0.010357
0.185736
0.245096
0.996871
0.167759
0.607826
0.248829
0.197063
0.742785
0.352196
0.160966
0.737616
0.403122
0.391031
0.254403
0.172771
0.376210
0.095777
0.409202
0.713023
0.581135
0.033787
0.877964
0.823575
0.493945
0.677731
0.871079
0.896292
0.034922
0.099396
0.963957
0.736579
0.137499
0.484921
0.212238
0.059487
0.205023
0.708111
0.493614
0.259925
0.656880
0.674655
0.743358
0.856746
0.727568
0.883373
0.309966
0.533831
0.082026
0.353838
0.839231
0.868317
0.683286
0.552882
0.369593
0.718622
0.682932
0.774213
0.104914
0.439557
0.564809
0.000462
0.634222
0.168379
0.428684
0.171034
0.991787
0.293525
0.999048
0.540691
0.012924
0.401141
0.747134
0.858939
0.173353
0.741753
0.142051
0.715591
0.888673
0.508963
0.232270
0.191475
0.060258
0.198303
0.754310
0.045010
0.251676
0.370252
0.322742
0.058665
0.559473
0.352105
0.898859
0.604168
0.893274
0.007177
0.421317
0.117103
0.350015
0.976636
0.208081
0.068927
0.526663
0.372137
0.019016
0.700722
0.033898
0.985686
0.128769
0.478040
0.707291
0.335616
0.360086
0.175806
0.187426
0.022778
0.358333
0.796383
0.212050
0.397491
0.066665
0.210928
0.126035
0.333593
0.465280
0.938148
0.621897
0.778763
0.157951
0.403718
0.642643
0.392591
0.282688
0.439557
0.103169
0.484264
0.690366
0.823161
0.231130
0.155129
0.606410
0.327139
0.950257
0.347120
0.881788
0.752150
0.673116
0.692252
0.089394
0.563184
0.983013
0.388600
0.674655
0.928991
0.317707
0.045251
0.293766
0.602400
0.117027
0.573657
0.968809
0.431569
0.763918
0.361567
0.175806
0.219398
0.950657
0.789210
0.344242
0.901803
0.766502
0.806258
0.337382
0.470450
0.062560
0.387825
0.041833
0.930916
0.838030
0.402825
0.237896
0.922548
0.634103
0.830551
0.258244
0.411608
0.996014
0.480329
0.709047
0.748732
0.950257
0.446572
0.777544
0.934485
0.965975
0.280898
0.943064
0.983936
0.030284
0.096159
0.963478
0.093543
0.259266
0.895207
0.173089
0.962264
0.983434
0.723856
0.103169
0.826459
0.265612
0.439035
0.822954
0.767511
0.257225
0.822230
0.617045
0.176450
0.740949
0.646440
0.647745
0.414326
0.864878
0.205083
0.020324
0.657710
0.845877
0.233751
0.363144
0.904545
0.872268
0.151353
0.600278
0.763580
0.550920
0.396312
0.842021
0.134734
0.161215
0.353655
0.647508
0.729768
0.566552
0.675483
0.901071
0.444576
0.319578
0.514686
0.965418
0.356218
0.905265
0.089244
0.909373
0.716874
0.182063
0.171717
0.911008
0.876618
0.329745
0.823884
0.611488
0.759068
0.896625
0.323429
0.185512
0.166064
0.763580
0.499152
0.983848
0.900009
0.772319
0.825328
0.318216
0.167089
0.975438
0.826151
0.995651
0.270184
0.895625
0.990800
0.538858
0.723856
