0.398476
0.314662
0.180468
0.950200
0.364354
0.641694
0.082944
0.833800
0.252391
0.014519
0.864317
0.757937
0.039698
0.749074
0.108090
0.545051
0.666602
0.594157
0.470018
0.114029
0.506168
0.614916
0.707759
0.937112
0.783398
0.664824
0.874813
0.517276
0.524622
0.422540
0.654270
0.842715
0.294167
0.499818
0.414326
0.988317
0.325151
0.699547
0.260365
0.390738
0.758729
0.740260
0.464314
0.668379
0.524508
0.894284
0.100751
0.151211
0.735081
0.997189
0.924347
0.948055
0.831772
0.821504
0.299178
0.356953
0.129388
0.498486
0.544361
0.179266
0.292164
0.931529
0.775769
0.806365
0.477605
0.256572
0.269731
0.486786
0.759633
0.116347
0.312811
0.807748
0.783729
0.823781
0.398476
0.841524
0.248475
0.482294
0.295777
0.510420
0.393079
0.550920
0.744618
0.499263
0.293766
0.945500
0.979406
0.366313
0.591571
0.372325
0.820362
0.699665
0.181512
0.027073
0.198066
0.390933
0.140890
0.506503
0.318897
0.421215
0.244676
0.177583
0.316436
0.162416
0.639084
0.790846
0.269505
0.572024
0.446572
0.014906
0.777323
0.766951
0.340044
0.124387
0.644304
0.298853
0.883373
0.078870
0.790410
0.662335
0.667076
0.257225
0.108232
0.303838
0.508404
0.196005
0.488434
0.468616
0.956335
0.486456
0.694961
0.285900
0.736003
0.386470
0.059446
0.567832
0.374028
0.238993
0.879927
0.772876
0.759068
0.083787
0.884861
0.592747
0.928297
0.642169
0.798219
0.823781
0.999307
0.575057
0.111097
0.243420
0.246008
0.390447
0.262720
0.748846
0.486017
0.260658
0.523716
0.270561
0.768184
0.096095
0.116083
0.951395
0.853093
0.488873
0.825945
0.521452
0.475431
0.044548
0.073459
0.734159
0.753742
0.184003
0.018817
0.861214
0.786912
0.444786
0.874813
0.877874
0.760424
0.653440
0.122994
0.346219
0.089783
0.149893
0.857033
0.348294
0.384635
0.310467
0.016461
0.375545
0.359347
0.936461
0.761326
0.690720
0.586407
0.074824
0.920363
0.715941
0.122283
0.717340
0.996199
0.857033
0.514799
0.208081
0.113400
0.072660
0.669919
0.087704
0.867577
0.633747
0.097088
0.593217
0.890899
0.048221
0.869885
0.116611
0.021314
0.710802
0.279581
0.668024
0.999307
0.298447
0.008334
0.934152
0.327659
0.238102
0.311889
0.095206
0.758276
0.805086
0.878053
0.868594
0.615271
0.154261
0.113216
0.173036
0.026765
0.293205
0.365006
0.277497
0.529503
0.579029
0.241545
0.797680
0.264422
0.625450
0.483169
0.105847
0.393861
0.808067
0.470990
0.898447
0.413117
0.528708
0.105466
0.374407
0.967297
0.262572
0.689423
0.909061
0.757258
0.187935
0.615625
0.751695
0.025862
0.194136
0.815874
0.479129
0.332365
0.689187
0.473587
0.510756
0.521452
0.395821
0.989739
0.037719
0.639915
0.009468
0.164739
0.649762
0.900826
0.325324
0.501597
0.545855
0.174256
0.807429
0.446572
0.191532
0.986774
0.183892
0.026746
0.656880
0.326014
0.668024
0.442376
0.230395
0.334559
0.916050
0.232539
0.728958
0.131387
0.518065
0.429199
0.047491
0.546545
0.811561
0.845680
0.154165
0.363423
0.918518
0.027334
0.094638
0.520887
0.421114
0.622016
0.313399
0.899435
0.258390
0.936787
0.207590
0.911472
0.843112
0.266656
0.423561
0.661861
0.707642
0.097184
0.305404
0.110375
0.948465
0.785157
0.022685
0.386760
0.022308
0.642525
0.185400
0.414830
0.234968
0.085409
0.195888
0.101887
0.286766
0.108480
0.457046
0.894704
0.689541
0.223211
0.234630
0.133115
0.044027
0.754196
0.111351
0.387534
0.525869
0.027750
0.470450
0.405010
0.438619
0.429199
0.452164
0.380312
0.108728
0.213365
0.476083
0.585351
0.483826
0.064605
0.829531
0.442376
0.043403
0.084154
0.080543
0.850378
0.914689
0.348475
0.312644
0.038893
0.772765
0.811878
0.640033
0.256209
0.789974
0.259632
0.060028
0.054360
0.693077
0.208451
0.765941
0.616099
0.025567
0.639677
0.233144
0.222496
0.092521
0.865531
0.018389
0.020809
0.232808
0.324634
0.112848
0.035574
0.076888
0.484592
0.121029
0.501708
0.673708
0.040085
0.686120
0.387437
0.445416
0.348023
0.703187
0.310801
0.736925
0.388892
0.859414
0.224909
0.474997
0.906697
0.552420
0.645847
0.862063
0.668972
0.030968
0.041728
0.737846
0.042134
0.726873
0.956865
0.844299
0.308800
0.205449
0.554960
0.069330
0.679150
0.010523
0.297879
0.787898
0.522244
0.296019
0.980048
0.829531
0.651660
0.515249
0.837327
0.533033
0.354203
0.412211
0.267553
0.789865
0.718738
0.813143
0.598394
0.069712
0.032722
0.275655
0.223342
0.730693
0.837929
0.289218
0.338800
0.548156
0.154357
0.914614
0.002114
0.294569
0.345769
0.776102
0.079111
0.290251
0.536114
0.454814
0.767623
0.238650
0.846270
0.890814
0.771538
0.248122
0.173194
0.611961
0.179538
0.663639
0.866834
0.267928
0.146916
0.012290
0.259705
0.040782
0.003505
0.323859
0.273594
0.059612
0.400548
0.793457
0.685648
0.458111
0.670867
0.760424
0.440182
0.706471
0.796059
0.254331
0.433222
0.142275
0.250677
0.710919
0.383864
0.332715
0.874269
0.433429
0.224582
0.164739
0.346309
0.093419
0.290171
0.409903
0.651660
0.606764
0.106369
0.447835
0.347842
0.879749
0.834204
0.592982
0.326533
0.782958
0.900090
0.200025
0.218244
0.724204
0.665417
0.889703
0.723391
0.460780
0.458005
0.154646
0.538286
0.401042
0.586524
0.540232
0.030686
0.930094
0.247486
0.187992
0.527004
0.194020
0.193787
0.359440
0.840827
0.442167
0.888243
0.910853
0.629124
0.102864
0.429199
0.456833
0.167501
0.622016
0.108090
0.817653
0.967746
0.548616
0.874451
0.175163
0.428684
0.630665
0.205449
0.767399
0.819218
0.677376
0.767623
0.110231
0.999039
0.725481
0.584765
0.416851
0.341558
0.332365
0.374881
0.397589
0.244187
0.561443
0.900826
0.136543
0.396017
0.895207
0.545625
0.696490
0.768408
0.409903
