0.515924
0.141738
0.076264
0.272453
0.977222
0.176450
0.590162
0.857128
0.046491
0.500151
0.441958
0.849696
0.885558
0.547120
0.333066
0.813248
0.173300
0.775769
0.353472
0.368936
0.547695
0.574007
0.519193
0.907172
0.254619
0.193091
0.377162
0.678914
0.947526
0.487225
0.939365
0.881169
0.442586
0.665299
0.453011
0.880814
0.888157
0.809764
0.944593
0.372514
0.781746
0.601928
0.726641
0.218756
0.467000
0.786584
0.621424
0.901559
0.682105
0.608653
0.440913
0.781746
0.360178
0.976004
0.794000
0.846368
0.948581
0.231599
0.344332
0.591454
0.730809
0.245306
0.230329
0.337029
0.961227
0.837026
0.977367
0.944897
0.815560
0.594040
0.673471
0.888157
0.529276
0.971665
0.515924
0.288822
0.801017
0.937372
0.569694
0.684113
0.736810
0.541034
0.905185
0.738536
0.584648
0.378401
0.825328
0.012177
0.610306
0.944654
0.377638
0.895458
0.968192
0.674063
0.708813
0.152396
0.159082
0.832787
0.338800
0.859699
0.302607
0.666128
0.887985
0.564461
0.708462
0.138286
0.908669
0.917848
0.624384
0.946220
0.722462
0.414729
0.449099
0.068738
0.065323
0.798435
0.177637
0.301297
0.455983
0.088590
0.137761
0.201400
0.485579
0.732081
0.546085
0.973253
0.772765
0.484811
0.986356
0.385793
0.556463
0.013826
0.555307
0.069330
0.989606
0.149893
0.358978
0.789428
0.134477
0.347571
0.629716
0.556926
0.031481
0.561327
0.577042
0.768855
0.808067
0.971665
0.748047
0.405309
0.529845
0.595216
0.172191
0.952630
0.064717
0.759859
0.547235
0.530755
0.842319
0.121420
0.743129
0.119708
0.214814
0.850086
0.109227
0.571092
0.271014
0.820154
0.788554
0.163524
0.196768
0.593334
0.430744
0.238444
0.560632
0.697902
0.829225
0.981584
0.048804
0.805192
0.076654
0.494166
0.177097
0.223602
0.791827
0.164130
0.814090
0.051732
0.883109
0.097927
0.141380
0.913165
0.858749
0.747020
0.449733
0.529845
0.323687
0.688126
0.895708
0.546315
0.312140
0.892259
0.839231
0.607472
0.413217
0.486346
0.828918
0.343704
0.329832
0.106614
0.869425
0.065255
0.416143
0.670038
0.235443
0.901233
0.552882
0.392298
0.102122
0.787788
0.169728
0.537028
0.748047
0.229330
0.379069
0.082749
0.026924
0.388503
0.052484
0.319493
0.231331
0.797464
0.875175
0.468831
0.619766
0.262646
0.198836
0.973213
0.222107
0.701662
0.714774
0.558894
0.255630
0.394253
0.638491
0.835617
0.831264
0.097636
0.657236
0.508963
0.225630
0.681514
0.232001
0.872724
0.155806
0.153877
0.083421
0.506838
0.077755
0.329658
0.971583
0.409702
0.675247
0.941637
0.341737
0.280821
0.873270
0.798758
0.256354
0.808279
0.203567
0.683523
0.868964
0.530413
0.371005
0.558778
0.692370
0.451211
0.740030
0.148770
0.905982
0.108622
0.047525
0.719321
0.635645
0.782297
0.554383
0.686474
0.629361
0.226221
0.494719
0.116573
0.131681
0.202181
0.070457
0.537028
0.200861
0.212300
0.265165
0.157266
0.567599
0.745419
0.739341
0.290410
0.645847
0.825637
0.900499
0.714307
0.662809
0.448256
0.524169
0.701309
0.628887
0.765491
0.860647
0.087381
0.805832
0.851253
0.911549
0.549998
0.844497
0.839730
0.202000
0.872359
0.680332
0.721183
0.874088
0.255630
0.121146
0.231666
0.789100
0.935608
0.988173
0.255124
0.349833
0.078311
0.640271
0.807960
0.934086
0.975133
0.907093
0.098675
0.740030
0.782187
0.739915
0.782848
0.660794
0.729999
0.495494
0.873179
0.276498
0.470882
0.898447
0.658896
0.892852
0.572840
0.819842
0.758163
0.845089
0.857606
0.991124
0.123709
0.580433
0.916577
0.649406
0.772096
0.736119
0.553459
0.958435
0.543213
0.200861
0.891070
0.443109
0.335264
0.987783
0.567367
0.868317
0.936199
0.980315
0.653796
0.407402
0.349652
0.927039
0.362680
0.915598
0.808279
0.239268
0.630309
0.199727
0.708462
0.942135
0.912474
0.603343
0.628650
0.826972
0.754764
0.675838
0.261467
0.892683
0.803269
0.112298
0.308551
0.177853
0.688126
0.789756
0.334471
0.273898
0.855116
0.958020
0.654982
0.299585
0.039599
0.295052
0.679623
0.347210
0.977547
0.938148
0.728842
0.141024
0.918592
0.853865
0.882229
0.820050
0.549537
0.829021
0.737385
0.306974
0.155854
0.818592
0.981102
0.805192
0.993201
0.326966
0.950486
0.866370
0.830857
0.613970
0.846565
0.223537
0.547925
0.890302
0.610897
0.740834
0.543213
0.901152
0.172718
0.836020
0.958176
0.887726
0.981679
0.521113
0.945921
0.919995
0.591336
0.424992
0.120367
0.501486
0.299910
0.446257
0.879125
0.772542
0.846859
0.893190
0.527685
0.858559
0.951395
0.959972
0.545740
0.360086
0.380408
0.918814
0.822230
0.466355
0.584297
0.327399
0.336852
0.560284
0.669090
0.827280
0.784938
0.960577
0.756691
0.444262
0.439244
0.914005
0.883197
0.607118
0.168275
0.955693
0.475974
0.129099
0.097442
0.934750
0.532463
0.300155
0.410504
0.521339
0.945861
0.639084
0.047812
0.613615
0.523602
0.584062
0.767511
0.251033
0.693077
0.546890
0.065323
0.946518
0.368560
0.284252
0.310801
0.230662
0.297474
0.500040
0.291845
0.973850
0.581837
0.901152
0.681160
0.391323
0.248900
0.954612
0.484264
0.897952
0.575407
0.934882
0.435293
0.909920
0.349289
0.644898
0.527912
0.996891
0.679978
0.562951
0.992217
0.907093
0.001149
0.723043
0.474671
0.905823
0.949855
0.656287
0.764368
0.544706
0.392688
0.905982
0.706119
0.171507
0.312979
0.282766
0.811244
0.522583
0.967252
0.784168
0.496158
0.924275
0.479565
0.912705
0.813774
0.604994
0.840827
0.401834
0.802519
0.640508
0.348475
0.120056
0.637305
0.160667
0.324375
0.661149
0.829021
0.867113
0.346579
0.620950
0.928506
0.724553
0.607354
0.315844
0.047340
0.424378
0.224516
0.547810
0.667550
0.341380
0.741408
0.219141
0.341737
0.405508
0.845778
0.279890
0.581837
