0.986090
0.791064
0.993930
0.892344
0.160717
0.939174
0.665773
0.895708
0.710451
0.952574
0.213554
0.752719
0.417458
0.926617
0.874813
0.982616
0.513899
0.052910
0.224778
0.976820
0.287477
0.537486
0.453223
0.029002
0.844793
0.800265
0.989293
0.426426
0.405110
0.955693
0.608889
0.482076
0.932274
0.442586
0.097701
0.592982
0.132903
0.414830
0.270561
0.764143
0.015198
0.966480
0.457153
0.805406
0.822437
0.493393
0.827588
0.392591
0.229729
0.742441
0.728726
0.938083
0.664706
0.824297
0.251890
0.705650
0.820362
0.581252
0.731734
0.158491
0.747020
0.873725
0.760988
0.958487
0.531324
0.579146
0.559936
0.756691
0.395036
0.710334
0.203688
0.050542
0.925770
0.941261
0.986090
0.122717
0.508627
0.241129
0.215762
0.582422
0.552766
0.819218
0.813880
0.779427
0.418776
0.908904
0.737846
0.981360
0.396705
0.194893
0.906062
0.896874
0.885297
0.209934
0.710919
0.946459
0.412010
0.739341
0.072586
0.277343
0.719088
0.495826
0.060889
0.111097
0.668616
0.519306
0.429096
0.592159
0.727104
0.353564
0.347210
0.490084
0.670156
0.451634
0.363516
0.888845
0.545166
0.856746
0.122796
0.257298
0.243699
0.864410
0.995811
0.902856
0.226353
0.296100
0.943126
0.977941
0.394840
0.777434
0.757371
0.592394
0.104707
0.390349
0.180413
0.596981
0.598747
0.969851
0.139737
0.852512
0.178613
0.516938
0.457472
0.529845
0.125591
0.529503
0.388892
0.941261
0.992290
0.317198
0.571441
0.645965
0.936265
0.171244
0.783509
0.219976
0.752491
0.733351
0.918146
0.820570
0.763017
0.790519
0.979847
0.753173
0.278036
0.236940
0.751581
0.119708
0.704947
0.932814
0.118093
0.296261
0.642525
0.523602
0.156875
0.565855
0.099494
0.307057
0.724669
0.945861
0.672051
0.131513
0.929544
0.458964
0.111569
0.491958
0.412412
0.780421
0.335264
0.119322
0.037979
0.044437
0.498153
0.775436
0.538286
0.462063
0.503824
0.190900
0.208574
0.266731
0.497376
0.876618
0.360641
0.538172
0.718738
0.064851
0.830041
0.597216
0.685884
0.351286
0.963861
0.481857
0.938341
0.942817
0.409502
0.184059
0.352925
0.581018
0.431672
0.386760
0.154213
0.738536
0.992290
0.268979
0.466785
0.885384
0.696726
0.589340
0.493393
0.574473
0.666365
0.507732
0.633036
0.525982
0.652847
0.629598
0.515361
0.866463
0.828509
0.524282
0.575524
0.270712
0.315084
0.910853
0.645491
0.790519
0.993417
0.708930
0.363423
0.885123
0.789865
0.564229
0.588988
0.860741
0.329658
0.345499
0.858368
0.925699
0.878232
0.068974
0.978083
0.573074
0.597805
0.053283
0.485579
0.634459
0.120717
0.528708
0.389474
0.735197
0.013362
0.919036
0.745076
0.240025
0.987235
0.429199
0.079811
0.487884
0.773879
0.324720
0.632087
0.960728
0.014663
0.563880
0.928714
0.701192
0.875446
0.789100
0.689423
0.875536
0.784278
0.946756
0.962362
0.851931
0.675483
0.738536
0.709515
0.359809
0.177529
0.518403
0.721764
0.545166
0.903662
0.272681
0.543558
0.242030
0.235240
0.583945
0.048908
0.865625
0.242377
0.652610
0.752605
0.031344
0.423356
0.170459
0.228467
0.133327
0.313063
0.425606
0.782738
0.978994
0.362866
0.058746
0.710802
0.530186
0.698019
0.833699
0.180030
0.999478
0.161815
0.550344
0.008629
0.980874
0.501374
0.042604
0.661149
0.147655
0.495383
0.469371
0.711620
0.457153
0.389960
0.414023
0.044930
0.527571
0.955693
0.477061
0.244327
0.881257
0.562719
0.720950
0.817444
0.260218
0.869977
0.799727
0.891665
0.209625
0.902532
0.429404
0.693901
0.683641
0.896957
0.473371
0.423050
0.223081
0.951055
0.844891
0.092521
0.198421
0.709515
0.431466
0.896209
0.705064
0.506391
0.358794
0.628650
0.437474
0.362958
0.215889
0.300481
0.982800
0.860741
0.762904
0.580550
0.814720
0.589575
0.339155
0.370911
0.626043
0.575874
0.752378
0.331228
0.889103
0.612670
0.821712
0.675128
0.959259
0.969980
0.715591
0.664350
0.608417
0.898447
0.944472
0.844891
0.862910
0.949625
0.927600
0.912781
0.427759
0.388892
0.033567
0.032131
0.170145
0.431672
0.076419
0.539660
0.961525
0.595922
0.803483
0.372325
0.209315
0.932477
0.103509
0.400350
0.898777
0.754423
0.302853
0.746105
0.702366
0.496490
0.776990
0.135852
0.881523
0.144899
0.804659
0.490415
0.855116
0.618820
0.958951
0.936722
0.517501
0.694136
0.198421
0.683168
0.844200
0.815245
0.172033
0.926828
0.706822
0.772876
0.054037
0.353838
0.883373
0.593452
0.001545
0.505609
0.844497
0.370157
0.250320
0.532577
0.653559
0.023310
0.201280
0.302033
0.056911
0.000082
0.621661
0.896957
0.104501
0.853672
0.016311
0.842616
0.524508
0.610543
0.669327
0.173194
0.413217
0.246992
0.138110
0.108586
0.827075
0.400548
0.100386
0.718040
0.052262
0.307472
0.754650
0.075798
0.770421
0.195829
0.780753
0.941949
0.544361
0.692959
0.468400
0.967071
0.421419
0.331228
0.971748
0.298447
0.502376
0.835315
0.400745
0.897123
0.155225
0.715124
0.256354
0.822851
0.700017
0.536229
0.977222
0.342183
0.697902
0.825637
0.360178
0.375450
0.725133
0.683168
0.723507
0.837628
0.237486
0.997308
0.561675
0.833800
0.199549
0.830857
0.529276
0.061848
0.749303
0.382230
0.815245
0.348565
0.923126
0.261835
0.022983
0.579965
0.032687
0.506056
0.011010
0.343615
0.045477
0.457472
0.886080
0.349289
0.441644
0.785157
0.005809
0.686946
0.399856
0.113179
0.057390
0.427554
0.644186
0.657355
0.650118
0.030990
0.947644
0.794109
0.220943
0.157266
0.497598
0.491406
0.140401
0.283547
0.015472
0.130301
0.388116
0.838430
0.011559
0.889361
0.083533
0.767735
0.387728
0.150409
0.083337
0.065504
0.328440
0.139737
0.483060
0.020732
0.747134
0.090567
0.614561
0.638610
0.288980
0.197948
0.135464
0.896125
0.454708
0.882052
0.725133
