0.968331
0.813446
0.762141
0.859620
0.771043
0.479968
0.629848
0.682145
0.642792
0.702497
0.592270
0.266873
0.248125
0.527361
0.601429
0.442472
0.397937
0.344036
0.052512
0.048768
0.051827
0.086138
0.142631
0.087035
0.047872
0.073062
0.070138
0.204901
0.324210
0.385524
0.313842
0.407731
0.517341
0.389204
0.399964
0.505968
0.275911
0.171666
0.190878
0.173796
0.099647
0.050157
0.013605
0.000368
0.000084
0.022958
0.327410
0.808973
0.843615
0.641209
0.566463
0.671615
0.579931
0.491966
0.667285
0.766687
0.867006
0.613528
0.775134
0.865546
0.669515
0.471715
0.459218
0.598968
0.392754
0.200390
0.127541
0.107372
0.061018
0.031130
0.032983
0.068238
0.000000
0.000000
0.000000
0.000000
0.000000
0.000000
0.000000
0.000000
0.000000
0.000000
0.000000
0.000000
0.000000
0.000000
0.000000
0.000000
0.000000
0.000000
0.000000
0.000000
0.000000
0.000000
0.000000
0.000000
0.000000
0.000000
0.000000
0.000000
0.000000
0.000000
0.000000
0.000000
0.000000
0.000000
0.000000
0.000000
0.911585
0.886418
0.815921
0.881124
0.468516
0.359832
0.720113
0.724511
0.369943
0.580120
0.316227
0.166958
0.299150
0.512500
0.822512
0.824148
0.650447
0.700969
0.813121
0.687190
0.623058
0.728351
0.976437
0.973283
0.880303
0.499485
0.619741
0.570643
0.291939
0.396420
0.624859
1.000000
0.692540
0.571905
0.545839
0.502525
0.572260
0.767305
0.836124
0.429643
0.314146
0.421147
0.509928
0.178845
0.334988
0.956479
0.899708
0.775850
0.669903
0.813060
0.492970
0.425366
0.400495
0.394491
0.000000
0.000000
0.000000
0.000000
0.000000
0.000000
0.000000
0.000000
0.000000
0.000000
0.000000
0.000000
0.000000
0.000000
0.000000
0.000000
0.000000
0.000000
