0.969678
0.785444
0.943294
0.806559
0.598072
0.267277
0.153493
0.263249
0.578436
0.618006
0.505212
0.448299
0.601415
0.819672
0.907661
0.886874
0.768525
0.621196
0.746346
0.935960
0.693174
0.402178
0.523998
0.449580
0.128284
0.133231
0.490786
0.161410
0.114455
0.420714
0.556472
0.533695
0.967925
0.541649
0.654402
0.948419
0.945305
0.902104
0.734928
0.689530
0.788722
0.995510
0.729188
0.705291
0.952515
0.421447
0.624187
0.789999
0.454235
0.518852
0.689530
0.778886
0.862671
0.578179
0.831503
0.841585
0.662446
0.575380
0.917796
0.891398
0.737897
0.654936
0.979415
0.245593
0.297039
0.467240
0.584970
0.692370
0.732117
0.709795
0.862480
0.870747
0.031250
0.028593
0.026026
0.017951
0.015729
0.007758
0.013316
0.051616
0.055878
0.378577
0.793748
0.937227
0.696642
0.681139
0.687667
0.785528
0.937869
0.764955
0.654452
0.807921
0.912664
0.995470
0.984976
0.875572
0.899476
0.861901
0.821222
0.052428
0.034000
0.273605
0.603359
0.542609
0.506498
0.541154
0.755665
0.891018
0.000000
0.000000
0.000000
0.000000
0.000000
0.000000
0.000000
0.000000
0.000000
0.000000
0.000000
0.000000
0.000000
0.000000
0.000000
0.000000
0.000000
0.000000
0.784721
0.704290
0.869626
0.912916
0.893695
0.588402
0.194398
0.217044
0.260032
0.468192
0.544387
0.393252
0.628790
0.688500
0.519149
0.679620
0.587685
0.510883
0.000000
0.000000
0.000000
0.000000
0.000000
0.000000
0.000000
0.000000
0.000000
0.000000
0.000000
0.000000
0.000000
0.000000
0.000000
0.000000
0.000000
0.000000
0.000000
0.000000
0.000000
0.000000
0.000000
0.000000
0.000000
0.000000
0.000000
0.000000
0.000000
0.000000
0.000000
0.000000
0.000000
0.000000
0.000000
0.000000
