0.000000
0.000000
0.000000
0.000000
0.000000
0.000000
0.000000
0.000000
0.000000
0.000000
0.000000
0.000000
0.000000
0.000000
0.000000
0.000000
0.000000
0.000000
0.545757
0.290433
0.218481
0.582873
0.855875
0.967145
0.850891
0.992829
0.913221
0.358348
0.388208
0.738237
0.759622
0.607429
0.836374
0.989665
0.635271
0.468479
0.245856
0.331604
0.402400
0.333967
0.285465
0.324838
0.548815
0.850265
0.793644
0.541626
0.549971
0.650327
0.757349
0.976813
0.615109
0.588439
0.668831
0.566219
0.000000
0.000000
0.000000
0.000000
0.000000
0.000000
0.000000
0.000000
0.000000
0.000000
0.000000
0.000000
0.000000
0.000000
0.000000
0.000000
0.000000
0.000000
