0.632917
0.908119
0.957915
0.293686
0.238376
0.818592
0.587345
0.896125
0.350922
0.928991
0.541378
0.864130
0.902856
0.482294
0.740030
0.478258
0.354020
0.361567
0.393666
0.692841
0.231934
0.298609
0.569228
0.879838
0.105190
0.239887
0.890473
0.553459
0.679978
0.966708
0.558083
0.964195
0.943372
0.065911
0.215762
0.697196
0.724785
0.037638
0.533147
0.878053
0.796167
0.553805
0.663876
0.981679
0.903501
0.976303
0.824194
0.496047
0.645016
0.663165
0.822333
0.857701
0.531780
0.165095
0.668972
0.544247
0.925699
0.295052
0.470882
0.864036
0.410003
0.974321
0.183170
0.482403
0.005374
0.209068
0.725017
0.519193
0.623318
0.763242
0.609243
0.851641
0.998037
0.928714
0.632917
0.520548
0.066872
0.590632
0.485030
0.910076
0.170459
0.921095
0.259047
0.981647
0.971541
0.872724
0.954449
0.722345
0.791718
0.871079
0.466032
0.673827
0.704243
0.725713
0.438619
0.568879
0.105986
0.945741
0.492620
0.832787
0.383479
0.562139
0.640982
0.184449
0.711270
0.853189
0.161615
0.862910
0.116083
0.521679
0.894368
0.956228
0.487774
0.081309
0.585234
0.532235
0.480874
0.915824
0.806791
0.481639
0.598040
0.985903
0.762454
0.418675
0.683523
0.683050
0.323171
0.925202
0.467754
0.922331
0.673471
0.785706
0.590162
0.881346
0.454071
0.765154
0.947408
0.155806
0.637068
0.290728
0.730462
0.093512
0.650474
0.458005
0.633273
0.264052
0.437058
0.928714
0.558199
0.520548
0.993976
0.033530
0.712555
0.431982
0.502376
0.440809
0.383383
0.279658
0.598865
0.683404
0.976526
0.355027
0.352834
0.372703
0.841126
0.507173
0.931257
0.636119
0.816607
0.423765
0.396606
0.732427
0.331752
0.042104
0.829531
0.335440
0.239474
0.563068
0.426426
0.267553
0.895123
0.789537
0.931868
0.577860
0.844101
0.985135
0.968545
0.468831
0.748732
0.421928
0.749531
0.934684
0.543672
0.590397
0.172718
0.315337
0.142455
0.147100
0.936003
0.832888
0.439557
0.614561
0.242446
0.997873
0.239887
0.476083
0.506279
0.971500
0.464206
0.561791
0.772430
0.988788
0.724901
0.757824
0.467000
0.422744
0.579731
0.963574
0.038281
0.792044
0.051152
0.934152
0.558199
0.889361
0.436643
0.625806
0.117103
0.889703
0.706939
0.593452
0.752832
0.880105
0.901478
0.874451
0.628294
0.039033
0.487994
0.319578
0.534858
0.734966
0.449310
0.732658
0.329832
0.891240
0.986748
0.962898
0.939365
0.486237
0.763130
0.520887
0.070216
0.264348
0.537829
0.961377
0.712555
0.302525
0.835617
0.926617
0.968325
0.763017
0.362216
0.930094
0.240301
0.186805
0.169780
0.093824
0.207283
0.763467
0.641220
0.309133
0.046408
0.997076
0.100319
0.824813
0.856650
0.620122
0.910154
0.914157
0.034369
0.609716
0.191417
0.935147
0.207774
0.898447
0.876977
0.410504
0.235851
0.853093
0.444891
0.006214
0.876168
0.145584
0.788554
0.828509
0.529503
0.934152
0.168068
0.900663
0.856171
0.913241
0.528026
0.595804
0.529845
0.680923
0.983314
0.428479
0.716757
0.394938
0.885471
0.811878
0.442795
0.557968
0.900581
0.423458
0.130885
0.895039
0.779979
0.747705
0.090536
0.808704
0.985108
0.279658
0.236872
0.135034
0.245376
0.682223
0.503601
0.414830
0.354478
0.758390
0.369875
0.727568
0.693665
0.869517
0.321885
0.378783
0.978083
0.333417
0.597569
0.717107
0.554960
0.237896
0.429096
0.897786
0.436123
0.283079
0.909452
0.836322
0.959514
0.374312
0.825739
0.798650
0.624740
0.026451
0.755785
0.543099
0.482950
0.398377
0.443109
0.761214
0.894200
0.297555
0.265165
0.061784
0.875356
0.423561
0.918072
0.571325
0.289059
0.771091
0.168068
0.030008
0.961723
0.576575
0.403817
0.516037
0.860647
0.720950
0.396410
0.977727
0.527912
0.987808
0.449310
0.114735
0.675010
0.878322
0.250534
0.982922
0.773879
0.773990
0.765154
0.718622
0.753060
0.924989
0.909452
0.939874
0.182450
0.632799
0.510756
0.707993
0.922186
0.718855
0.562603
0.604522
0.205083
0.273594
0.640152
0.510532
0.987783
0.549307
0.519080
0.926194
0.280433
0.569694
0.696490
0.700840
0.990800
0.575874
0.610188
0.289456
0.619175
0.243350
0.533489
0.637898
0.977834
0.759407
0.775102
0.703774
0.149658
0.517839
0.867113
0.811561
0.200025
0.764255
0.579380
0.346129
0.365192
0.902208
0.718273
0.964998
0.764705
0.431259
0.984771
0.771091
0.734966
0.679387
0.100784
0.308385
0.270184
0.378496
0.548041
0.250962
0.827280
0.045753
0.724204
0.691899
0.203688
0.196240
0.484592
0.736925
0.119399
0.637424
0.394840
0.678322
0.960225
0.439140
0.574357
0.115145
0.442272
0.781525
0.872085
0.763580
0.963237
0.978295
0.335440
0.886948
0.305982
0.314241
0.024409
0.766277
0.558315
0.930643
0.360178
0.904705
0.783619
0.999338
0.993351
0.222951
0.760424
0.322828
0.796383
0.239131
0.865345
0.646084
0.787241
0.896292
0.478149
0.380312
0.742899
0.719437
0.645847
0.532007
0.179211
0.707291
0.112518
0.663046
0.997299
0.558546
0.920582
0.588753
0.975400
0.235851
0.267254
0.389280
0.471098
0.356677
0.911858
0.908747
0.734966
0.196474
0.050738
0.594157
0.957287
0.611842
0.854443
0.078630
0.404115
0.381175
0.844694
0.921969
0.431878
0.358609
0.607472
0.216143
0.871719
0.657355
0.859414
0.903903
0.522470
0.927390
0.981167
0.988412
0.138944
0.916276
0.908512
0.395625
0.992107
0.881523
0.524962
0.015902
0.956865
0.337736
0.781084
0.740719
0.663876
0.593217
0.312811
0.852222
0.636593
0.966434
0.621661
0.468508
0.676903
0.386470
0.572840
0.941699
0.896375
0.625806
0.578328
0.284879
0.848036
0.399659
0.350650
0.498930
0.338179
0.825842
0.948055
0.080136
0.786803
0.611842
0.402825
0.699430
0.629598
0.973691
0.359717
0.192339
0.756238
0.419690
0.493061
0.256499
0.737846
0.908747
0.293525
0.487005
0.591336
0.917102
0.456302
0.817444
0.964998
0.632206
0.502710
0.978295
0.162667
0.180358
0.830347
0.426733
0.972364
0.998199
0.357321
0.839431
0.819530
0.642287
0.762904
0.446151
0.284487
0.937502
0.481857
0.476083
0.475214
0.913318
0.405607
0.909452
0.794759
0.362309
0.884948
0.989761
0.954775
0.289536
0.292164
0.570626
0.984314
0.842914
0.700840
0.843112
0.596157
0.641457
0.518403
0.072636
0.841325
0.834710
0.554498
0.557968
0.986010
0.869793
0.992032
0.431362
0.559589
0.930916
0.520096
0.269656
0.495162
0.246078
0.818279
0.434671
0.774435
0.881876
0.977511
0.863755
0.626635
0.652610
0.988695
0.419487
0.985713
0.467861
0.092182
0.486346
0.293525
0.259559
0.528821
0.354752
0.510644
0.290012
0.628531
0.346850
0.052743
0.311638
0.577626
0.576341
0.514124
0.339777
0.571908
0.620832
0.330268
0.664706
0.627228
0.807535
0.061378
0.751012
0.212113
0.344511
0.861497
0.755331
0.883723
0.923054
0.808491
0.372042
0.693548
0.471423
0.702718
0.775658
0.964998
0.235036
0.464099
0.774324
0.691663
0.458538
0.484592
0.736695
0.615744
0.518403
0.941449
0.315844
0.431982
0.054858
0.399067
0.923054
0.786474
0.788117
0.408901
0.993976
0.878143
0.326447
0.207712
0.782738
0.468077
0.785597
0.940948
0.326360
0.241960
0.671932
0.860457
0.008305
0.793023
0.803590
0.281365
0.507509
0.639915
0.581603
0.943801
0.486346
0.911472
0.545740
0.529390
0.797788
0.368279
0.123589
0.827793
0.032794
0.888845
0.780200
0.759859
0.183892
0.425401
0.360641
0.427759
0.504828
0.816503
0.290967
0.819009
0.463241
0.200682
0.806365
0.797680
0.293044
0.683168
0.937890
0.954830
0.804018
0.132270
0.949047
0.651186
0.601692
0.944776
0.311638
0.734620
0.620358
0.940444
0.635289
0.642287
0.538973
0.779979
0.815035
0.379547
0.786255
0.865997
0.837729
0.880282
0.172296
0.803055
0.971624
0.773656
0.708579
0.063169
0.840329
0.976079
0.836825
0.908669
0.525642
0.419893
0.877426
0.992014
0.479456
0.707291
0.986722
0.809658
0.400350
0.813880
0.969333
0.521792
0.786035
0.442376
0.656999
0.826151
0.493945
0.911472
0.668735
0.444996
0.200443
0.215193
0.396803
0.324892
0.757031
0.585586
0.765828
0.570393
0.858368
0.766951
0.169624
0.982708
0.722113
0.928645
0.609716
0.470774
0.841424
0.715941
0.712439
0.241060
0.563184
0.983104
0.962362
0.229795
0.803055
0.195771
0.394742
0.249823
0.288980
0.056278
0.523149
0.970236
0.967702
0.751923
0.432085
0.904305
0.559125
0.925770
0.694490
0.699430
0.986435
0.754537
0.716174
0.106160
0.668379
0.897289
0.288109
0.387631
0.845581
0.870528
0.794651
0.161315
0.908747
0.605702
0.117179
0.978225
0.602635
0.856459
0.035164
0.962117
0.638017
0.932477
0.102055
0.833192
0.932612
0.960124
0.795409
0.757597
0.561327
0.430744
0.493945
0.705064
0.799404
0.677613
0.153398
0.240163
0.188105
0.470234
0.885645
0.970236
0.492068
0.780311
0.500374
0.982183
0.957024
0.755785
0.140579
0.798543
0.929888
0.914005
0.152254
0.250962
0.198480
0.524508
0.941199
0.270410
0.738766
0.430744
0.338268
0.830143
0.360086
0.619411
0.993066
0.969246
0.407202
0.803804
0.985876
0.495272
0.936722
0.005916
0.541493
0.544017
0.666365
0.432395
0.455451
0.725945
0.509523
0.248617
0.517389
0.289218
0.316944
0.328180
0.785926
0.732427
0.092737
0.572840
0.675838
0.686710
0.162115
0.533831
0.789646
0.215509
0.122362
0.968369
0.415638
0.284487
0.493282
0.407502
0.283626
0.566785
0.619766
0.149050
0.438098
0.579497
0.632087
0.705064
0.224320
0.834002
0.834710
0.307389
0.759407
0.739801
0.949452
0.461742
0.718389
0.597805
0.874813
0.725365
0.922621
0.239612
0.765941
0.824813
0.613497
0.988076
0.874541
0.273213
0.413822
0.592159
0.535087
0.731387
0.533261
0.533489
0.593217
0.307720
0.894788
0.790192
0.961128
0.353746
0.925770
0.211613
0.932881
0.771426
0.882845
0.515699
0.699782
0.360178
0.262794
0.689423
0.747248
0.461635
0.984486
0.613852
0.512776
0.535315
0.707057
0.651067
0.903098
0.256935
0.659252
0.542869
0.451634
0.998325
0.590397
0.164485
0.239131
0.863380
0.606292
0.590044
0.405408
0.749873
0.186017
0.016355
0.847448
0.882229
0.947703
0.296584
0.750784
0.645728
0.619175
0.357596
0.622016
0.705064
0.946399
0.561443
0.742785
0.617281
0.592159
0.467969
0.712555
0.509299
0.209934
0.573190
0.951338
0.731272
0.841524
0.822644
0.072264
0.564112
0.764143
0.215003
0.195536
0.279271
0.740030
0.660201
0.832584
0.692488
0.658659
0.285743
0.070820
0.368654
0.240646
0.908355
0.208081
0.633273
0.707876
0.794868
0.856554
0.993335
0.377257
0.659845
0.904625
0.461100
0.556463
0.117635
0.617400
0.743472
0.527117
0.589105
0.880016
0.425094
0.819322
0.309883
0.192975
0.357596
0.457472
0.781194
0.117483
0.734966
0.651423
0.838631
0.543443
0.817339
0.466462
0.380600
0.860552
0.666365
0.453859
0.941136
0.829327
0.740375
0.302033
0.440600
0.806578
0.357596
0.595804
0.440600
0.196416
0.539316
0.929268
0.911935
0.753855
0.682578
0.724785
0.958848
0.889960
0.985795
0.106509
0.057973
0.924418
0.689895
0.486127
0.563532
0.627228
0.835718
0.300481
0.614561
0.458111
0.802198
0.535315
0.539660
0.765154
0.585469
0.316944
0.551266
0.905265
0.772653
0.919258
0.764592
0.912012
0.623910
0.981295
0.524055
0.866927
0.791935
0.466785
0.665180
0.607354
0.617045
0.468831
0.999628
0.824813
0.867669
0.067916
0.522357
0.372042
0.984082
0.064138
0.560284
0.997842
0.642881
0.560516
0.868132
0.379356
0.640271
0.469047
0.877336
0.007709
0.855692
0.946994
0.649881
0.997262
0.914233
0.469586
0.705885
0.866370
0.882845
0.806578
0.842120
0.978855
0.681632
0.789756
0.548386
0.009982
0.786035
0.812089
0.600632
0.337117
0.680923
0.469155
0.255920
0.920069
0.072909
0.611133
0.720019
0.713023
0.872541
0.862910
0.751240
0.751695
0.353564
0.715941
0.872359
0.775325
0.667550
0.500151
0.851544
0.064829
0.345050
0.446677
0.446677
0.301297
0.645491
0.504493
0.539316
0.961921
0.626280
0.111061
0.789865
0.302033
0.416547
0.764592
0.954667
0.014934
0.756238
0.219526
0.435190
0.284173
0.783729
0.264497
0.478802
0.882405
0.725713
0.659015
0.817130
0.908433
0.640982
0.883548
0.317283
0.125068
0.907567
0.919922
0.532007
0.282221
0.752264
0.581837
0.283782
0.194660
0.670630
0.555538
0.866184
0.879927
0.842120
0.183614
0.515699
0.221783
0.373082
0.961178
0.696726
0.456727
0.484373
0.243838
0.654864
0.926265
0.962509
0.039230
0.711504
0.694372
0.309633
0.841026
0.626991
0.978190
0.348475
0.580316
0.604168
0.931257
0.146870
0.151969
0.781084
0.207958
0.907330
0.531438
0.578328
0.863192
0.772876
0.227474
0.650830
0.121029
0.840528
0.844003
0.871353
0.776213
0.229396
0.426733
0.770645
0.760085
0.751467
0.175806
0.763130
0.414023
0.249042
0.041223
0.217160
0.019871
0.256862
0.460459
0.319067
0.803590
0.709047
0.539660
0.705533
0.708579
0.297474
0.106056
0.330006
0.795084
0.830041
0.857606
0.445836
0.123549
0.410304
0.716291
0.354295
0.732081
0.055476
0.879927
0.359532
0.504159
0.977906
0.161315
0.907409
0.921750
0.727684
0.486676
0.458431
0.510195
0.844497
0.934551
0.130968
0.388892
0.095048
0.465172
0.925131
0.296180
0.900989
0.420706
0.087440
0.836020
0.790846
0.356218
0.522244
0.661624
0.549768
0.140935
0.065233
0.867391
0.709632
0.953517
0.570626
0.572840
0.043682
0.553574
0.635645
0.452164
0.588518
0.161615
0.690602
0.843904
0.932342
0.085841
0.822126
0.127825
0.819946
0.080789
0.337294
0.649999
0.481420
0.649406
0.581369
0.796383
0.692252
0.580550
0.421215
0.421623
0.085266
0.666721
0.950771
0.558546
0.918592
0.977547
0.821919
0.674418
0.406305
0.963382
0.407302
0.407003
0.132270
0.522470
0.704126
0.834811
0.359532
0.885297
0.599925
0.382518
0.824091
0.699547
0.837528
0.432188
0.425094
0.705533
0.955693
0.996400
0.330268
0.957235
0.761439
0.187313
0.136934
0.954066
0.358702
0.998530
0.977040
0.650711
0.790519
0.920729
0.042360
0.415032
0.823265
0.172613
0.907488
0.751581
0.826048
0.092830
0.459178
0.201400
0.100850
0.821815
0.949163
0.161615
0.167604
0.375260
0.370628
0.878947
0.128522
0.716058
0.658778
0.941261
0.863567
0.892005
0.433843
0.711971
0.912089
0.471855
0.897621
0.049957
0.459498
0.282923
0.571674
0.839531
0.896542
0.678914
0.429301
0.218116
0.630072
0.523376
0.230997
0.315675
0.313568
0.633747
0.147933
0.552420
0.919774
0.101451
0.616572
0.834811
