0.974255
0.492003
0.315472
0.231867
0.384664
0.991975
0.858314
0.538829
0.324793
0.613114
0.902173
0.793452
0.975927
0.929314
0.936047
0.739782
0.645247
0.876895
0.027147
0.027210
0.031983
0.129256
0.507949
0.872767
0.785326
0.624666
0.652578
0.027952
0.062145
0.213685
0.423293
0.887685
0.773776
0.627858
0.758322
0.928353
0.000000
0.000000
0.000000
0.000000
0.000000
0.000000
0.000000
0.000000
0.000000
0.000000
0.000000
0.000000
0.000000
0.000000
0.000000
0.000000
0.000000
0.000000
0.117204
0.107693
0.245005
0.580606
0.993908
0.848946
0.667027
0.643468
0.890689
0.926999
0.672162
0.395202
0.781751
0.603628
0.511764
0.324777
0.258643
0.439997
0.609888
0.663891
0.706466
0.908185
0.923819
0.994232
0.631964
0.433059
0.605593
0.774208
0.833828
0.790901
0.761433
0.697369
0.849081
0.844407
0.674680
0.603405
0.000000
0.000000
0.000000
0.000000
0.000000
0.000000
0.000000
0.000000
0.000000
0.000000
0.000000
0.000000
0.000000
0.000000
0.000000
0.000000
0.000000
0.000000
0.364937
0.590647
0.847273
0.750731
0.587289
0.503020
0.756138
0.846528
0.904698
0.187835
0.944890
0.415719
0.637904
0.968165
0.750731
0.586036
0.477075
0.368019
0.033850
0.016830
0.011532
0.011723
0.069119
0.156914
0.074738
0.096792
0.055173
0.368742
0.665414
0.564509
0.691848
0.795124
0.671143
0.612230
0.938338
0.754687
0.234114
0.076899
0.070865
0.095679
0.292532
0.639154
0.221308
0.034334
0.051727
0.194654
0.152013
0.081856
0.159533
0.486769
0.390568
0.205232
0.224095
0.338399
0.759775
0.942333
0.455692
0.196205
0.125628
0.129958
0.270206
0.858779
0.449381
0.844519
0.987094
0.725721
0.304345
0.385113
0.612268
0.652218
0.696072
0.827865
