0.837127
0.640864
0.846172
0.514012
0.764480
0.963092
0.736003
0.771315
0.727220
0.715824
0.414729
0.626043
0.373555
0.968457
0.068596
0.667905
0.730925
0.911781
0.198895
0.732543
0.394742
0.635763
0.777212
0.999157
0.829429
0.720950
0.623437
0.025256
0.822954
0.475214
0.717690
0.906856
0.798435
0.840429
0.855212
0.859699
0.478584
0.850086
0.908197
0.650355
0.366874
0.841524
0.606410
0.671104
0.182339
0.592276
0.714191
0.753628
0.821712
0.515024
0.753855
0.908982
0.456727
0.734043
0.139428
0.158983
0.228732
0.062278
0.146962
0.660201
0.168689
0.587228
0.936461
0.534630
0.216714
0.323343
0.859509
0.939429
0.474888
0.200742
0.926828
0.825842
0.780532
0.608181
0.837127
0.115970
0.850767
0.837127
0.206364
0.329919
0.894788
0.489864
0.522810
0.071747
0.179102
0.641694
0.095174
0.350196
0.947172
0.021659
0.542181
0.298528
0.824607
0.812616
0.563764
0.757484
0.838831
0.891325
0.030979
0.599925
0.442481
0.609125
0.805832
0.721532
0.720485
0.731503
0.888501
0.941011
0.192744
0.109620
0.595451
0.724088
0.196005
0.106999
0.777544
0.891920
0.488434
0.352834
0.814195
0.773433
0.618701
0.454814
0.594863
0.598865
0.887121
0.628887
0.532121
0.270561
0.836524
0.311387
0.202722
0.947997
0.230796
0.922910
0.722810
0.908276
0.940191
0.264422
0.217096
0.739915
0.982400
0.967207
0.782738
0.798111
0.834811
0.795301
0.943002
0.608181
0.659726
0.185736
0.926547
0.903259
0.551382
0.790955
0.888501
0.792371
0.072909
0.938341
0.827588
0.080136
0.481857
0.557736
0.855500
0.425606
0.051495
0.848231
0.747362
0.854443
0.617636
0.866556
0.502487
0.640745
0.810716
0.055031
0.315675
0.374217
0.612552
0.873725
0.258098
0.636356
0.902532
0.673945
0.254908
0.381846
0.875536
0.983671
0.930506
0.910542
0.164841
0.892513
0.169572
0.923774
0.889189
0.106300
0.708696
0.553805
0.706822
0.693430
0.749188
0.945561
0.385503
0.536343
0.297798
0.501374
0.866649
0.132270
0.361381
0.890473
0.471963
0.804872
0.936003
0.893864
0.764592
0.856076
0.991806
0.837929
0.149986
0.902289
0.855692
0.914993
0.356218
0.884861
0.659726
0.574940
0.588753
0.602989
0.600396
0.969593
0.940759
0.928158
0.533489
0.636000
0.759972
0.907567
0.984940
0.714541
0.496712
0.536914
0.324548
0.538858
0.342809
0.360086
0.470990
0.981584
0.477496
0.974399
0.911240
0.262277
0.708813
0.898530
0.881169
0.894200
0.068643
0.374407
0.668735
0.391615
0.515699
0.392493
0.975779
0.557736
0.150409
0.288822
0.179975
0.958280
0.319152
0.865065
0.582891
0.540232
0.542869
0.274661
0.058828
0.794976
0.817130
0.353290
0.767399
0.912089
0.803269
0.109084
0.775658
0.875084
0.475540
0.326101
0.763918
0.273975
0.266208
0.409402
0.339333
0.043542
0.016423
0.364354
0.902856
0.076941
0.265984
0.851544
0.793674
0.884861
0.392981
0.198717
0.370440
0.890814
0.834305
0.593099
0.359255
0.275579
0.801554
0.508068
0.962117
0.287556
0.959514
0.689423
0.880637
0.443004
0.505944
0.145081
0.684822
0.820882
0.121969
0.909530
0.809658
0.518065
0.794217
0.650118
0.182394
0.953351
0.418472
0.658659
0.772653
0.922259
0.339777
0.428170
0.840030
0.651067
0.383287
0.370346
0.288742
0.496712
0.264274
0.981963
0.480656
0.766277
0.424276
0.497044
0.717573
0.368936
0.838330
0.845975
0.167707
0.836725
0.213680
0.605112
0.847350
0.477496
0.217797
0.247980
0.987361
0.864878
0.444157
0.951395
0.882229
0.144990
0.144990
0.133115
0.555423
0.912166
0.002785
0.881434
0.408101
0.702718
0.461528
0.917027
0.392981
0.375260
0.145309
0.102358
0.346669
0.943002
0.558083
0.836725
0.787898
0.951677
0.533831
0.678441
0.472721
0.085725
0.939238
0.787898
0.659134
0.189356
0.489754
0.292804
0.365659
0.386373
0.657948
0.426733
0.947349
0.849599
0.660912
0.195419
0.838831
0.343077
0.889017
0.328701
0.842517
0.957392
0.774101
0.687890
0.282065
0.351468
0.464743
0.797788
0.991004
0.199846
0.277497
0.134221
0.498042
0.714541
0.564229
0.246218
0.683286
0.038697
0.978119
0.079541
0.503267
0.531096
0.733235
0.983583
0.569694
0.591219
0.060510
0.149050
0.981328
0.529276
0.611961
0.494940
0.444786
0.900989
0.955209
0.702131
0.810610
0.816712
0.907014
0.718389
0.514911
0.917027
0.317029
0.636475
0.466570
0.542640
0.173990
0.526550
0.091325
0.081584
0.707759
0.084013
0.348927
0.649288
0.139428
0.629361
0.014217
0.713023
0.780974
0.590514
0.212050
0.798650
0.912089
0.732658
0.221718
0.591454
0.843904
0.759972
0.816817
0.176020
0.933685
0.419081
0.986877
0.654389
0.395330
0.099527
0.869977
0.472829
0.124387
0.740719
0.885819
0.783398
0.972730
0.401042
0.924204
0.765941
0.707993
0.790737
0.752605
0.367623
0.810716
0.752378
0.866090
0.759520
0.304826
0.111751
0.624029
0.290808
0.564229
0.095364
0.830755
0.934750
0.836121
0.799512
0.446046
0.721299
0.401636
0.496601
0.573190
0.446782
0.273594
0.850280
0.704712
0.983344
0.684113
0.640389
0.317029
0.339688
0.890046
0.299829
0.522583
0.751695
0.217606
0.539087
0.721997
0.356218
0.319834
0.952686
0.690249
0.697902
0.200145
0.588870
0.587697
0.941449
0.884948
0.839031
0.890729
0.837327
0.493724
0.938982
0.934750
0.711387
0.746791
0.551151
0.545395
0.056494
0.934949
0.576341
0.185512
0.731503
0.732427
0.516825
0.925557
0.914917
0.477278
0.601457
0.515024
0.882757
0.766165
0.985686
0.925770
0.977258
0.667432
0.892005
0.633747
0.074240
0.969506
0.911704
0.556001
0.675957
0.918962
0.921459
0.581486
0.456195
0.797788
0.923774
0.438723
0.755104
0.719088
0.896957
0.856171
0.259632
0.639796
0.255052
0.829021
0.702718
0.642050
0.251033
0.070723
0.640389
