0.468589
0.349073
0.181628
0.121538
0.070533
0.057816
0.035558
0.024795
0.076762
0.794003
0.557693
0.979297
0.921382
0.877030
0.599678
0.454251
0.308302
0.207827
0.952963
0.683147
0.729569
0.934252
0.983830
0.935893
0.754508
0.193997
0.013798
0.020862
0.253921
0.327634
0.112811
0.088671
0.186857
0.221483
0.167123
0.189369
0.612070
0.797358
0.681671
0.451183
0.358639
0.137755
0.068068
0.216224
0.878403
0.082931
0.137040
0.386127
0.699861
0.604125
0.655658
0.590935
0.257461
0.331573
0.003608
0.003772
0.019352
0.084633
0.054517
0.029938
0.057185
0.104637
0.378923
0.844978
0.832367
0.895645
0.630964
0.579579
0.723544
0.945955
0.994965
0.775999
0.754094
0.709019
0.669787
0.802326
0.865694
0.667164
0.586982
0.557952
0.356252
0.770183
0.625381
0.382516
0.326037
0.320085
0.501453
0.611829
0.482255
0.335994
0.282339
0.204804
0.215123
0.633416
0.699312
0.396370
0.559213
0.831809
0.955996
0.224777
0.018402
0.010036
0.021785
0.049774
0.163936
0.327363
0.476248
0.467147
0.290733
0.371210
0.578683
0.725746
0.856856
0.934796
0.884552
0.200216
0.012803
0.074141
0.174133
0.645657
0.951073
0.935307
1.000000
0.940181
0.966566
0.874856
0.734239
0.598274
0.732765
0.987829
0.714813
0.592350
0.897979
0.205592
0.029590
0.437884
0.559082
0.722981
0.511474
0.300967
0.252585
0.376681
0.604336
0.825190
0.383766
0.517695
0.884894
0.830519
0.754144
0.472685
0.594572
0.932754
0.867347
0.380538
0.082595
0.026266
0.058233
0.078277
0.072794
0.100060
0.142563
0.230090
0.615618
0.658500
0.769836
0.810284
0.685677
0.904188
0.971596
0.395099
0.135476
0.349520
0.527349
0.649840
0.588042
0.453409
0.343010
0.350832
0.621745
0.695771
