0.000000
0.000000
0.000000
0.000000
0.000000
0.000000
0.000000
0.000000
0.238216
0.262264
0.910247
0.867818
0.763664
0.684733
0.597669
0.159934
0.594223
0.941688
0.019899
0.485142
0.668633
0.730328
0.730363
0.326824
0.053145
0.550970
0.155167
0.574618
0.203276
0.345856
0.130644
0.258966
0.179750
0.055010
0.022956
0.531654
0.379934
0.411258
0.572868
0.642231
0.710355
0.716767
0.813634
0.498429
0.396964
0.417769
0.542517
0.334853
0.212624
0.576555
0.340074
0.360123
0.909410
0.890820
0.743949
0.607249
0.145257
0.649523
0.909015
0.647718
0.406142
0.252200
0.011957
0.101955
0.628975
0.188230
0.271245
0.207132
0.438246
0.106307
0.633243
0.949635
0.000000
0.000000
0.000000
0.000000
0.000000
0.000000
0.000000
0.000000
