0.913241
0.836725
0.867669
0.343077
0.953957
0.053040
0.293044
0.690249
0.542066
0.941449
0.831060
0.739226
0.812300
0.844793
0.774435
0.594157
0.810822
0.694961
0.934949
0.652610
0.980115
0.744961
0.986980
0.291047
0.803376
0.867854
0.354844
0.507061
0.560168
0.585117
0.165400
0.153733
0.670748
0.906221
0.322828
0.922041
0.188559
0.335087
0.934485
0.863661
0.826048
0.964385
0.307472
0.831060
0.390447
0.726989
0.994984
0.750784
0.845483
0.321286
0.118399
0.742097
0.895708
0.761890
0.510083
0.829429
0.841921
0.293445
0.904465
0.621069
0.697078
0.270410
0.312476
0.707057
0.995513
0.700135
0.439348
0.586641
0.654864
0.634340
0.680214
0.762454
0.376401
0.682341
0.913241
0.032615
0.984285
0.755898
0.766726
0.762904
0.238376
0.804338
0.918962
0.964195
0.673827
0.273746
0.417560
0.986330
0.724901
0.889017
0.585000
0.755671
0.363423
0.247063
0.887726
0.652965
0.428479
0.074290
0.427349
0.120951
0.981869
0.415133
0.643711
0.942446
0.622963
0.407103
0.285743
0.199192
0.837026
0.222496
0.449838
0.838030
0.975362
0.861780
0.451106
0.178721
0.918814
0.447308
0.945380
0.491847
0.303838
0.441331
0.804338
0.829531
0.579848
0.709047
0.850767
0.817235
0.223016
0.383672
0.430022
0.951564
0.787241
0.726757
0.615625
0.947762
0.962362
0.815035
0.638135
0.077412
0.952295
0.327312
0.389669
0.291845
0.768855
0.811772
0.281676
0.682341
0.468616
0.799727
0.924204
0.638254
0.189641
0.705768
0.463241
0.418168
0.918666
0.869332
0.548616
0.813459
0.730578
0.322056
0.226748
0.769191
0.440704
0.760311
0.942508
0.416649
0.587814
0.801983
0.620122
0.649406
0.791064
0.249326
0.292084
0.297798
0.532121
0.153255
0.055263
0.188729
0.870161
0.908040
0.218308
0.204901
0.028568
0.437890
0.273137
0.802841
0.606410
0.699665
0.024673
0.721183
0.899927
0.140757
0.171297
0.923917
0.020240
0.452693
0.023519
0.289297
0.058562
0.416649
0.405309
0.400943
0.736695
0.428068
0.790410
0.576809
0.297474
0.787569
0.972972
0.267553
0.188445
0.988554
0.266208
0.851931
0.908040
0.056911
0.222626
0.863661
0.557736
0.080108
0.468616
0.254331
0.040129
0.990108
0.794000
0.301216
0.834710
0.362401
0.612552
0.043745
0.020880
0.814720
0.387340
0.965465
0.686946
0.948055
0.996891
0.577159
0.728379
0.924490
0.859509
0.402627
0.490965
0.209563
0.727568
0.841723
0.661268
0.095681
0.891665
0.888587
0.903017
0.607472
0.973889
0.760198
0.023267
0.204233
0.974243
0.902046
0.170041
0.429096
0.755444
0.024555
0.318471
0.251819
0.513562
0.290808
0.430125
0.705650
0.285350
0.691309
0.995240
0.691899
0.280123
0.955478
0.747591
0.664824
0.980115
0.000519
0.963285
0.978890
0.161066
0.744160
0.893358
0.471963
0.869056
0.574707
0.750442
0.851641
0.760198
0.109835
0.556579
0.730925
0.859984
0.080108
0.156632
0.196592
0.771315
0.446572
0.587814
0.148212
0.142500
0.235919
0.360918
0.710919
0.842219
0.066941
0.636831
0.272681
0.603343
0.249681
0.412613
0.582188
0.760875
0.526209
0.766726
0.869148
0.611015
0.280588
0.704126
0.808067
0.685530
0.481420
0.718855
0.831365
0.675128
0.810504
0.448678
0.858368
0.994370
0.517163
0.001483
0.758729
0.447203
0.183892
0.483278
0.502933
0.572724
0.577393
0.981102
0.862816
0.557273
0.036606
0.900172
0.848525
0.977222
0.848231
0.238582
0.269957
0.312057
0.548846
0.881080
0.965511
0.941199
0.856076
0.280510
0.118706
0.024509
0.057913
0.471855
0.570975
0.869701
0.008305
0.853575
0.186579
0.437162
0.860552
0.558315
0.711504
0.156632
0.575290
0.381558
0.551382
0.565042
0.207283
0.853575
0.469155
0.576458
0.170877
0.008080
0.669564
0.536343
0.369687
0.276652
0.342541
0.747705
0.647271
0.551728
0.089334
0.336587
0.007165
0.794542
0.408001
0.090114
0.283313
0.422438
0.547925
0.811033
0.500151
0.889017
0.327746
0.505609
0.768855
0.554845
0.386566
0.383383
0.728958
0.528594
0.629124
0.980182
0.300155
0.779537
0.061934
0.383961
0.262794
0.067753
0.169676
0.153446
0.466355
0.224189
0.152587
0.373082
0.779427
0.965511
0.538401
0.438410
0.645016
0.452905
0.058767
0.201760
0.309966
0.840030
0.263089
0.200264
0.760198
0.262203
0.321371
0.291845
0.964668
0.896209
0.441853
0.875897
0.711504
0.184896
0.441958
0.615389
0.318727
0.688244
0.237760
0.892598
0.355760
0.941637
0.022508
0.674655
0.126968
0.585234
0.932409
0.028938
0.374786
0.907804
0.124907
0.891580
0.751012
0.890644
0.816503
0.153638
0.222691
0.832381
0.726873
0.124267
0.040841
0.136977
0.337205
0.958900
0.763805
0.786693
0.760762
0.252176
0.932881
0.529503
0.648220
0.245797
0.298041
0.257953
0.817966
0.818279
0.595216
0.862251
0.447519
0.915900
0.785597
0.494940
0.978083
0.945440
0.155080
0.609007
0.263459
0.428068
0.261908
0.372042
0.991224
0.320346
0.557389
0.754310
0.316774
0.564925
0.145538
0.095618
0.100950
0.169520
0.087939
0.681632
0.522131
0.992125
0.855596
0.780200
0.272529
0.184896
0.607354
0.930163
0.738996
0.076888
0.741064
0.279813
0.898282
0.628887
0.010142
0.397688
0.774991
0.380408
0.997941
0.278653
0.254403
0.912781
0.577042
0.797140
0.498930
0.677258
0.663283
0.694607
0.762454
0.884861
0.604876
0.708228
0.267404
0.579614
0.326966
0.650711
0.434050
0.884424
0.187030
0.299341
0.018605
0.549192
0.212801
0.521339
0.355485
0.501263
0.808704
0.777544
0.114363
0.436643
0.939620
0.538286
0.461956
0.048374
0.534174
0.649288
0.124747
0.882669
0.462491
0.284722
0.964527
0.704361
0.719437
0.264348
0.919480
0.289218
0.340222
0.560168
0.487115
0.438723
0.857128
0.154935
0.265835
0.325928
0.242724
0.129844
0.668616
0.444367
0.272529
