0.515924
0.141738
0.076264
0.272453
0.977222
0.176450
0.590162
0.857128
0.046491
0.500151
0.441958
0.849696
0.885558
0.547120
0.333066
0.813248
0.173300
0.775769
0.353472
0.368936
0.547695
0.574007
0.519193
0.907172
0.254619
0.193091
0.377162
0.678914
0.947526
0.487225
0.939365
0.881169
0.442586
0.665299
0.453011
0.880814
0.888157
0.809764
0.944593
0.372514
0.781746
0.601928
0.726641
0.218756
0.467000
0.786584
0.621424
0.901559
0.682105
0.608653
0.440913
0.781746
0.360178
0.976004
0.794000
0.846368
0.948581
0.231599
0.344332
0.591454
0.730809
0.245306
0.230329
0.337029
0.961227
0.837026
0.977367
0.944897
0.815560
0.594040
0.673471
0.888157
0.529276
0.971665
0.515924
0.288822
0.801017
0.937372
0.569694
0.684113
0.736810
0.541034
0.905185
0.738536
0.584648
0.378401
0.825328
0.012177
0.610306
0.944654
0.377638
0.895458
0.968192
0.674063
0.708813
0.152396
0.159082
0.832787
0.338800
0.859699
0.302607
0.666128
0.887985
0.564461
0.708462
0.138286
0.908669
0.917848
0.624384
0.946220
0.722462
0.414729
0.449099
0.068738
0.065323
0.798435
0.177637
0.301297
0.455983
0.088590
0.137761
0.201400
0.485579
0.732081
0.546085
0.973253
0.772765
0.484811
0.986356
0.385793
0.556463
0.013826
0.555307
0.069330
0.989606
0.149893
0.358978
0.789428
0.134477
0.347571
0.629716
0.556926
0.031481
0.561327
0.577042
0.768855
0.808067
0.971665
0.748047
0.405309
0.529845
0.595216
0.172191
0.952630
0.064717
0.759859
0.547235
0.530755
0.842319
0.121420
0.743129
0.119708
0.214814
0.850086
0.109227
0.571092
0.271014
0.820154
0.788554
0.163524
0.196768
0.593334
0.430744
0.238444
0.560632
0.697902
0.829225
0.981584
0.048804
0.805192
0.076654
0.494166
0.177097
0.223602
0.791827
0.164130
0.814090
0.051732
0.883109
0.097927
0.141380
0.913165
0.858749
0.747020
0.449733
0.529845
0.323687
0.688126
0.895708
0.546315
0.312140
0.892259
0.839231
0.607472
0.413217
0.486346
0.828918
0.343704
0.329832
0.106614
0.869425
0.065255
0.416143
0.670038
0.235443
0.901233
0.552882
0.392298
0.102122
0.787788
0.169728
0.537028
0.748047
0.229330
0.379069
0.082749
0.026924
0.388503
0.052484
0.319493
0.231331
0.797464
0.875175
0.468831
0.619766
0.262646
0.198836
0.973213
0.222107
0.701662
0.714774
0.558894
0.255630
0.394253
0.638491
0.835617
0.831264
0.097636
0.657236
0.508963
0.225630
0.681514
0.232001
0.872724
0.155806
0.153877
0.083421
0.506838
0.077755
0.329658
0.971583
0.409702
0.675247
0.941637
0.341737
0.280821
0.873270
0.798758
0.256354
0.808279
0.203567
0.683523
0.868964
0.530413
0.371005
0.558778
0.692370
0.451211
0.740030
0.148770
0.905982
0.108622
0.047525
0.719321
0.635645
0.782297
0.554383
0.686474
0.629361
0.226221
0.494719
0.116573
0.131681
0.202181
0.070457
0.537028
0.200861
0.212300
0.265165
0.157266
0.567599
0.745419
0.739341
0.290410
0.645847
0.825637
0.900499
0.714307
0.662809
0.448256
0.524169
0.701309
0.628887
0.765491
0.860647
0.087381
0.805832
0.851253
0.911549
0.549998
0.844497
0.839730
0.202000
0.872359
0.680332
0.721183
0.874088
0.255630
0.121146
0.231666
0.789100
0.935608
0.988173
0.255124
0.349833
0.078311
0.640271
0.807960
0.934086
0.975133
0.907093
0.098675
0.740030
0.782187
0.739915
0.782848
0.660794
0.729999
0.495494
0.873179
0.276498
0.470882
0.898447
0.658896
0.892852
0.572840
0.819842
0.758163
0.845089
0.857606
0.991124
0.123709
0.580433
0.916577
0.649406
0.772096
0.736119
0.553459
0.958435
0.543213
0.200861
0.891070
0.443109
0.335264
0.987783
0.567367
0.868317
0.936199
0.980315
0.653796
0.407402
0.349652
0.927039
0.362680
0.915598
0.808279
0.239268
0.630309
0.199727
0.708462
0.942135
0.912474
0.603343
0.628650
0.826972
0.754764
0.675838
0.261467
0.892683
0.803269
0.112298
0.308551
0.177853
0.688126
0.789756
0.334471
0.273898
0.855116
0.958020
0.654982
0.299585
0.039599
0.295052
0.679623
0.347210
0.977547
0.938148
0.728842
0.141024
0.918592
0.853865
0.882229
0.820050
0.549537
0.829021
0.737385
0.306974
0.155854
0.818592
0.981102
0.805192
0.993201
0.326966
0.950486
0.866370
0.830857
0.613970
0.846565
0.223537
0.547925
0.890302
0.610897
0.740834
0.543213
0.901152
0.172718
0.836020
0.958176
0.887726
0.981679
0.521113
0.945921
0.919995
0.591336
0.424992
0.120367
0.501486
0.299910
0.446257
0.879125
0.772542
0.846859
0.893190
0.527685
0.858559
0.951395
0.959972
0.545740
0.360086
0.380408
0.918814
0.822230
0.466355
0.584297
0.327399
0.336852
0.560284
0.669090
0.827280
0.784938
0.960577
0.756691
0.444262
0.439244
0.914005
0.883197
0.607118
0.168275
0.955693
0.475974
0.129099
0.097442
0.934750
0.532463
0.300155
0.410504
0.521339
0.945861
0.639084
0.047812
0.613615
0.523602
0.584062
0.767511
0.251033
0.693077
0.546890
0.065323
0.946518
0.368560
0.284252
0.310801
0.230662
0.297474
0.500040
0.291845
0.973850
0.581837
0.901152
0.681160
0.391323
0.248900
0.954612
0.484264
0.897952
0.575407
0.934882
0.435293
0.909920
0.349289
0.644898
0.527912
0.996891
0.679978
0.562951
0.992217
0.907093
0.001149
0.723043
0.474671
0.905823
0.949855
0.656287
0.764368
0.544706
0.392688
0.905982
0.706119
0.171507
0.312979
0.282766
0.811244
0.522583
0.967252
0.784168
0.496158
0.924275
0.479565
0.912705
0.813774
0.604994
0.840827
0.401834
0.802519
0.640508
0.348475
0.120056
0.637305
0.160667
0.324375
0.661149
0.829021
0.867113
0.346579
0.620950
0.928506
0.724553
0.607354
0.315844
0.047340
0.424378
0.224516
0.547810
0.667550
0.341380
0.741408
0.219141
0.341737
0.405508
0.845778
0.279890
0.581837
0.638373
0.619530
0.947231
0.984855
0.294650
0.316690
0.619648
0.279813
0.707174
0.063983
0.293766
0.422948
0.821297
0.093046
0.320175
0.986224
0.754423
0.870620
0.871262
0.388892
0.341291
0.354569
0.474997
0.427349
0.724669
0.778652
0.341291
0.497155
0.995614
0.768520
0.732427
0.590632
0.467538
0.826870
0.221654
0.184784
0.847546
0.351377
0.405408
0.057289
0.246500
0.200025
0.947172
0.450366
0.670630
0.517389
0.168586
0.464743
0.361752
0.615152
0.263237
0.487664
0.057289
0.720834
0.731156
0.229529
0.450789
0.558199
0.978225
0.218628
0.918221
0.237691
0.879927
0.624740
0.922186
0.414729
0.266432
0.496822
0.629361
0.900336
0.011277
0.761101
0.000154
0.537600
0.638373
0.285900
0.498042
0.128810
0.848427
0.526323
0.949394
0.335528
0.008519
0.628176
0.090114
0.959820
0.873179
0.138286
0.491186
0.962606
0.705533
0.196533
0.097863
0.644542
0.665654
0.684231
0.951055
0.522470
0.271014
0.270787
0.790301
0.111206
0.861686
0.334823
0.570626
0.391908
0.041699
0.580901
0.595098
0.293766
0.657355
0.915674
0.925557
0.613615
0.533147
0.155467
0.974007
0.029013
0.643592
0.983819
0.100884
0.271090
0.119514
0.941011
0.939429
0.764817
0.813459
0.691309
0.597452
0.718040
0.294087
0.531666
0.862063
0.494166
0.720485
0.142051
0.070771
0.265314
0.837026
0.291685
0.881169
0.564693
0.948231
0.751695
0.793240
0.969028
0.974438
0.537600
0.107526
0.352014
0.254187
0.745533
0.090174
0.208143
0.031504
0.684467
0.177691
0.830755
0.399856
0.004743
0.289139
0.138768
0.064494
0.089903
0.539889
0.795626
0.138067
0.777212
0.463885
0.129513
0.046839
0.882052
0.152587
0.913011
0.581486
0.722578
0.999035
0.558199
0.191647
0.438306
0.182063
0.119052
0.452587
0.049675
0.344780
0.776102
0.406504
0.231599
0.707057
0.763355
0.093356
0.076290
0.330529
0.007386
0.885123
0.539202
0.176074
0.440078
0.343615
0.592982
0.036002
0.676667
0.236327
0.733813
0.165860
0.997535
0.864878
0.311805
0.162567
0.869332
0.469047
0.737385
0.546775
0.204476
0.349289
0.333505
0.201700
0.714424
0.148026
0.950314
0.339599
0.504940
0.107526
0.753742
0.600985
0.712672
0.312560
0.955370
0.087880
0.484154
0.489093
0.950543
0.717806
0.652016
0.779758
0.697431
0.170982
0.933082
0.902936
0.811244
0.946994
0.464743
0.085380
0.575641
0.034922
0.792153
0.396410
0.643948
0.764705
0.494166
0.582422
0.386276
0.859889
0.894200
0.957654
0.185680
0.070941
0.540347
0.422336
0.941512
0.380887
0.229529
0.989517
0.259486
0.139120
0.149846
0.092336
0.314578
0.284252
0.207283
0.922404
0.245096
0.952183
0.742785
0.912243
0.071233
0.466462
0.127743
0.428787
0.057150
0.812827
0.151495
0.720252
0.691899
0.371193
0.528821
0.561559
0.065391
0.603225
0.280743
0.264348
0.561327
0.788117
0.437266
0.892429
0.504940
0.567367
0.841524
0.431878
0.796816
0.627820
0.944167
0.525642
0.047458
0.191187
0.303017
0.729652
0.925557
0.845384
0.185736
0.607708
0.856267
0.349652
0.438306
0.388503
0.912935
0.518403
0.979779
0.805086
0.860741
0.806897
0.196240
0.377733
0.610543
0.690956
0.518855
0.592864
0.204658
0.638491
0.556926
0.689659
0.123549
0.525642
0.227474
0.371005
0.536800
0.440391
0.086710
0.203567
0.743243
0.280821
0.515812
0.092768
0.437370
0.674063
0.131513
0.020127
0.550920
0.059446
0.369217
0.110555
0.385310
0.710100
0.255052
0.877695
0.636593
0.615034
0.096831
0.170825
0.836725
0.117103
0.445731
0.419284
0.365006
0.658896
0.738076
0.661387
0.529617
0.999377
0.973691
0.567367
0.022668
0.145904
0.661624
0.880992
0.493835
0.636119
0.055166
0.541837
0.925628
0.571908
0.691899
0.621779
0.826664
0.290092
0.386856
0.288188
0.508516
0.034009
0.776657
0.532577
0.535429
0.288980
0.427144
0.947526
0.642643
0.480219
0.327139
0.447624
0.625332
0.874360
0.119013
0.070336
0.820362
0.106684
0.516712
0.784608
0.678204
0.564112
0.160419
0.870069
0.083308
0.165502
0.385600
0.522244
0.751353
0.621305
0.364447
0.076549
0.542296
0.851447
0.050346
0.861686
0.241960
0.665417
0.951452
0.593217
0.084666
0.532805
0.518178
0.112006
0.885210
0.907014
0.500596
0.318812
0.122638
0.770756
0.310634
0.501819
0.180852
0.263903
0.133539
0.286609
0.973691
0.107526
0.173831
0.112811
0.610543
0.928088
0.117940
0.732081
0.608181
0.008741
0.833699
0.950372
0.042619
0.065980
0.623318
0.979406
0.969159
0.574240
0.468292
0.502599
0.465172
0.714658
0.186692
0.150975
0.034733
0.623081
0.569578
0.701544
0.801661
0.063806
0.495715
0.513562
0.184449
0.109084
0.210431
0.002475
0.501819
0.016448
0.544132
0.790519
0.080244
0.333680
0.229862
0.056003
0.186129
0.420910
0.687772
0.989111
0.062777
0.398082
0.670156
0.392493
0.616335
0.272226
0.782187
0.035535
0.071968
0.677849
0.147516
0.697078
0.455026
0.350105
0.427144
0.672643
0.443947
0.759294
0.020438
0.961078
0.145492
0.956918
0.919036
0.474129
0.253467
0.191187
0.025005
0.107526
0.381462
0.512551
0.595334
0.571558
0.991421
0.645491
0.828816
0.273061
0.283704
0.349652
0.985080
0.334207
0.156875
0.825019
0.951621
0.361104
0.805726
0.513899
0.127661
0.348294
0.044962
0.075927
0.774991
0.499152
0.637068
0.681160
0.268678
0.181732
0.041475
0.734274
0.999697
0.413519
0.243908
0.077728
0.099659
0.892852
0.525869
0.344421
0.960124
0.175110
0.497598
0.276498
0.069904
0.559010
0.382230
0.518403
0.790846
0.927109
0.841822
0.644779
0.729074
0.395723
0.360918
0.139032
0.789756
0.663165
0.622489
0.258098
0.236395
0.698960
0.505721
0.575174
0.975056
0.164181
0.028579
0.038336
0.763693
0.582774
0.363237
0.777101
0.248263
0.915975
0.025005
0.794542
0.720950
0.106859
0.270939
0.075412
0.923774
0.224582
0.492289
0.192397
0.600985
0.226156
0.188218
0.068291
0.127294
0.288188
0.060363
0.528480
0.403023
0.448783
0.725365
0.060300
0.849013
0.856650
0.191187
0.444786
0.227342
0.025387
0.093761
0.326966
0.552882
0.665891
0.457472
0.712088
0.571674
0.001567
0.704478
0.657710
0.809975
0.279271
0.014228
0.891580
0.548846
0.044468
0.685766
0.062084
0.295535
0.282299
0.056356
0.145492
0.350377
0.378496
0.271468
0.320175
0.848622
0.360918
0.127866
0.961227
0.434050
0.832178
0.770309
0.210617
0.702953
0.617636
0.505609
0.686356
0.170406
0.766165
0.213491
0.690013
0.902532
0.008413
0.557505
0.045591
0.522583
0.794542
0.371759
0.703657
0.086014
0.418066
0.708930
0.022299
0.125228
0.474780
0.295213
0.953682
0.659015
0.605466
0.071772
0.777766
0.601928
0.481420
0.240232
0.032938
0.792914
0.822747
0.175538
0.382230
0.710217
0.889960
0.154694
0.917774
0.305734
0.368279
0.129513
0.569927
0.062041
0.029151
0.272529
0.862628
0.645847
0.403122
0.588401
0.217797
0.470990
0.280200
0.140668
0.887380
0.733466
0.183114
0.062516
0.385600
0.130135
0.917774
0.254691
0.494056
0.628887
0.593452
0.902613
0.154694
0.077098
0.600160
0.602753
0.105743
0.825637
0.986277
0.116422
0.136934
0.125671
0.071895
0.100984
0.043263
0.291206
0.152159
0.198066
0.359255
0.152016
0.227738
0.522583
0.360178
0.485798
0.458111
0.747933
0.303099
0.000376
0.016479
0.817966
0.360178
0.093543
0.088946
0.087675
0.483060
0.344601
0.217160
0.998051
0.210058
0.530527
0.222302
0.442063
0.004956
0.067520
0.382230
0.512551
0.116573
0.454283
0.499707
0.477170
0.106859
0.824297
0.595216
0.873088
0.041863
0.437370
0.474455
0.301379
0.129886
0.013024
0.852996
0.091753
0.112958
0.039357
0.460993
0.211613
0.015847
0.298203
0.245236
0.145675
0.371759
0.536457
0.157412
0.731387
0.750442
0.254547
0.463241
0.176773
0.228467
0.522470
0.877605
0.043651
0.149940
0.498708
0.178124
0.801447
0.211613
0.014889
0.359070
0.103441
0.201580
0.222107
0.145355
0.459178
0.124027
0.694725
0.360178
0.512439
0.032178
0.777212
0.027093
0.307472
0.870069
0.124627
0.349924
0.083956
0.617045
0.987159
0.777655
0.581018
0.222172
0.481529
0.012664
0.167192
0.374028
0.355576
0.223146
0.500374
0.397393
0.026520
0.175484
0.124027
0.254475
0.380887
0.261982
0.603932
0.707408
0.404115
0.166781
0.029474
0.778098
0.606882
0.850864
0.144580
0.565274
0.154887
0.025538
0.570043
0.395330
0.001065
0.550575
0.535429
0.677968
0.139428
0.717107
0.305734
0.120250
0.083449
0.022872
0.209130
0.492399
0.521792
0.021813
0.457153
0.135034
0.262646
0.947112
0.928436
0.003567
0.595098
0.085294
0.219847
0.363330
0.874632
0.001677
0.295535
0.485250
0.000116
0.420401
0.694725
