0.562500
0.919563
0.864008
0.568000
0.414200
0.436553
0.919342
0.461218
0.695717
0.066946
0.207754
0.489923
0.543943
0.670533
0.677530
0.507803
0.383399
0.269877
0.259670
0.306526
0.328068
0.548666
0.913599
0.821550
0.668200
0.601653
0.599986
0.405500
0.524210
0.734112
0.821550
0.837615
0.662699
0.829250
0.800938
0.589567
0.429240
0.370205
0.476804
0.805932
0.848423
0.828425
0.967703
0.625648
0.319302
0.927861
0.453727
0.331184
0.164048
0.054685
0.062135
0.142988
0.201285
0.326693
0.776859
0.900216
0.820200
0.704106
0.931469
0.945124
0.881308
0.958074
0.584837
0.017190
0.017575
0.144516
0.346860
0.415392
0.545848
0.843182
0.990621
0.754387
0.440941
0.509831
0.474287
0.306076
0.235692
0.210489
0.219969
0.583174
0.785958
0.315002
0.551316
0.761420
0.829341
0.913500
0.670274
0.382288
0.428172
0.566635
0.557241
0.378483
0.357786
0.516188
0.624779
0.286453
0.210311
0.589831
0.620289
0.097354
0.644032
0.189398
0.038056
0.011471
0.009406
0.021506
0.010969
0.005399
0.504717
0.459065
0.626315
0.730794
0.718191
0.690530
0.823960
0.919264
0.792287
0.598412
0.919264
0.968686
0.550371
0.315088
0.262529
0.242561
0.311363
0.418504
0.619867
0.771067
0.862144
0.924802
0.851013
0.949684
0.772330
0.587675
0.851013
0.545034
0.708761
0.743924
0.788552
0.791512
0.894873
0.816905
0.995701
0.975772
0.902812
0.953352
0.988859
0.921399
0.743473
0.731951
0.848223
0.827421
0.465368
0.008843
0.016480
0.032434
0.041735
0.037432
0.046743
0.111412
0.112750
0.087350
0.651008
0.633751
0.381573
0.341489
0.573989
0.928292
0.908163
0.827695
0.811801
0.361386
0.238024
0.315999
0.735756
0.989446
0.909501
0.593476
0.674413
0.862459
