0.966480
0.903501
0.969808
0.798758
0.981552
0.250249
0.742899
0.729652
0.575290
0.956812
0.933284
0.733697
0.414628
0.602871
0.030889
0.770980
0.899845
0.447729
0.894368
0.728031
0.716408
0.416649
0.533603
0.211988
0.048067
0.724785
0.980874
0.639796
0.520096
0.105293
0.645372
0.977113
0.718738
0.242585
0.989892
0.939493
0.894032
0.962019
0.971955
0.710100
0.601928
0.480001
0.924632
0.176935
0.074113
0.704947
0.271014
0.148677
0.537028
0.418573
0.824504
0.808067
0.257153
0.890388
0.682459
0.683877
0.893274
0.995358
0.581954
0.865251
0.796599
0.117674
0.792371
0.829633
0.339777
0.588988
0.067590
0.761890
0.876438
0.140003
0.291286
0.149284
0.587580
0.978225
0.966480
0.269204
0.026286
0.764143
0.365099
0.665299
0.923054
0.879749
0.362680
0.718738
0.700252
0.648932
0.285036
0.467108
0.360178
0.273365
0.805406
0.395625
0.466785
0.727800
0.677849
0.684349
0.906300
0.250748
0.323429
0.539774
0.540691
0.017998
0.912628
0.313820
0.468400
0.596981
0.289059
0.764705
0.742211
0.357965
0.972892
0.775102
0.353290
0.042894
0.511092
0.385503
0.947820
0.884599
0.942384
0.638254
0.766726
0.986566
0.534059
0.454814
0.297798
0.170302
0.181017
0.168793
0.844694
0.465065
0.964998
0.625569
0.724204
0.512327
0.600749
0.984400
0.547005
0.195010
0.413419
0.183170
0.459391
0.292324
0.574473
0.202722
0.733120
0.668261
0.266059
0.978225
0.962362
0.648932
0.824297
0.506503
0.935147
0.200622
0.753514
0.166064
0.864691
0.784608
0.813248
0.878143
0.649643
0.351013
0.840229
0.745762
0.987906
0.246289
0.977619
0.509075
0.846761
0.268528
0.539660
0.380121
0.574824
0.290728
0.633036
0.790192
0.810081
0.187539
0.982800
0.063235
0.499707
0.877067
0.395527
0.918962
0.884161
0.879215
0.767399
0.127579
0.666721
0.396999
0.707759
0.900009
0.052743
0.490525
0.818071
0.847644
0.833395
0.891665
0.772207
0.809764
0.939684
0.533603
0.109406
0.674182
0.114958
0.468939
0.616099
0.659845
0.244257
0.415133
0.862628
0.507285
0.467861
0.872359
0.409202
0.990923
0.782518
0.594275
0.206792
0.351650
0.508180
0.322914
0.962362
0.687182
0.586758
0.540461
0.729421
0.939747
0.940696
0.732081
0.780532
0.753514
0.712789
0.768184
0.442795
0.075130
0.990385
0.552535
0.975018
0.496933
0.926899
0.902613
0.061891
0.552651
0.847840
0.315084
0.881434
0.972283
0.728147
0.081172
0.509411
0.888759
0.434982
0.385310
0.931257
0.530186
0.501041
0.259778
0.997593
0.456621
0.784828
0.317537
0.422540
0.433118
0.972527
0.464528
0.644186
0.368748
0.959565
0.755444
0.658303
0.538744
0.363051
0.929957
0.191302
0.332891
0.694254
0.820154
0.602871
0.227606
0.378687
0.549537
0.332365
0.663046
0.229197
0.431569
0.950486
0.819842
0.404612
0.668024
0.793566
0.885558
0.559241
0.732889
0.192512
0.322914
0.737155
0.542984
0.452058
0.742670
0.722113
0.084495
0.791391
0.647033
0.991577
0.958797
0.139428
0.459178
0.375925
0.372514
0.492399
0.066688
0.744389
0.012776
0.935806
0.352014
0.073233
0.414225
0.414931
0.241891
0.458644
0.895792
0.988997
0.915447
0.194485
0.000775
0.723624
0.738766
0.290489
0.074977
0.395232
0.441017
0.300481
0.335792
0.301624
0.421928
0.478258
0.502376
0.385697
0.513450
0.703774
0.558778
0.595922
0.748047
0.461742
0.831162
0.096286
0.008269
0.348113
0.393763
0.842517
0.756465
0.612197
0.505609
0.539660
0.332365
0.733697
0.120522
0.040987
0.922765
0.435397
0.931597
0.734389
0.644423
0.318386
0.199549
0.006821
0.318642
0.449099
0.526209
0.737155
0.016897
0.890046
0.007785
0.733813
0.469910
0.820154
0.139164
0.450894
0.198066
0.259120
0.090869
0.958590
0.659134
0.868964
0.799942
0.787679
0.414426
0.447414
0.522244
0.779316
0.676075
0.518065
0.983164
0.478476
0.140890
0.909842
0.547465
0.664706
0.222302
0.943740
0.263089
0.886601
0.278962
0.472829
0.808491
0.187539
0.085754
0.257080
0.928367
0.365659
0.425811
0.278422
0.044200
0.966251
0.611488
0.154791
0.885297
0.930026
0.052097
0.870620
0.527117
0.795518
0.700135
0.883021
0.293205
0.904385
0.957445
0.211488
0.651304
0.381846
0.337205
0.862063
0.702014
0.113289
0.715591
0.414023
0.847448
0.779205
0.601574
0.221136
0.112445
0.022183
0.526209
0.826151
0.973013
0.490525
0.866556
0.766614
0.934285
0.918518
0.598511
0.529958
0.343346
0.899352
0.595451
0.956654
0.695784
0.528026
0.880016
0.850670
0.540920
0.882933
0.896708
0.056140
0.568414
0.716874
0.953957
0.018973
0.900744
0.307057
0.769974
0.787131
0.716408
0.673235
0.045203
0.659134
0.743587
0.444681
0.576692
0.956015
0.211800
0.704712
0.334999
0.966663
0.908119
0.917027
0.152206
0.321286
0.588518
0.305404
0.841226
0.956707
0.608653
0.741408
0.017090
0.992929
0.886601
0.045348
0.758955
0.985659
0.548731
0.332891
0.022018
0.704009
0.248971
0.478802
0.802305
0.308468
0.889960
0.798219
0.829429
0.216905
0.284173
0.021418
0.376020
0.297069
0.183114
0.826151
0.825842
0.704595
0.464206
0.998934
0.165502
0.245306
0.549307
0.500374
0.584414
0.589340
0.445521
0.917699
0.665061
0.878769
0.099857
0.807004
0.375450
0.519419
0.335352
0.823368
0.630190
0.961525
0.826972
0.368466
0.350105
0.045818
0.660675
0.310551
0.370063
0.765042
0.725945
0.274738
0.430847
0.581369
0.344780
0.243280
0.691899
0.695314
0.172560
0.893443
0.733004
0.815350
0.898694
0.865718
0.248758
0.733351
0.587814
0.519306
0.862722
0.969765
0.421012
0.725829
0.543902
0.187087
0.748047
0.518178
0.929337
0.910231
0.460245
0.187822
0.852899
0.485908
0.394155
0.944715
0.753969
0.912089
0.997105
0.920656
0.774546
0.065571
0.062973
0.140313
0.183114
