0.981711
0.653915
0.543213
0.262867
0.568414
0.658659
0.800910
0.465602
0.961723
0.942941
0.592276
0.407702
0.313988
0.840429
0.447098
0.916877
0.883636
0.827793
0.014184
0.903098
0.408901
0.768967
0.903098
0.669801
0.123709
0.744503
0.466462
0.910775
0.571208
0.121146
0.483169
0.845483
0.670867
0.057090
0.987285
0.120017
0.919774
0.945500
0.459925
0.772430
0.116573
0.953792
0.178450
0.544247
0.954012
0.786912
0.961674
0.790628
0.873179
0.227408
0.792262
0.713490
0.086506
0.990902
0.625213
0.937631
0.077019
0.971624
0.863192
0.070312
0.979914
0.950942
0.874451
0.128358
0.530413
0.338357
0.579497
0.845975
0.508739
0.716174
0.687182
0.372514
0.575757
0.820258
0.981711
0.802198
0.626872
0.795193
0.830653
0.350831
0.794434
0.969202
0.067358
0.628768
0.619411
0.659015
0.612788
0.590514
0.862722
0.278113
0.353107
0.753855
0.128317
0.999384
0.496158
0.215699
0.433636
0.375071
0.317029
0.998905
0.627939
0.240439
0.975628
0.931597
0.452481
0.659726
0.710568
0.412412
0.055983
0.196416
0.828612
0.855020
0.350650
0.623437
0.474780
0.903179
0.606882
0.231666
0.736925
0.291047
0.170877
0.136630
0.979678
0.350650
0.498375
0.677495
0.492620
0.723856
0.517163
0.429404
0.653084
0.817339
0.211115
0.232539
0.643118
0.949625
0.488653
0.982026
0.600749
0.801339
0.214246
0.833192
0.901721
0.873452
0.706236
0.444262
0.396410
0.820258
0.993725
0.527571
0.775769
0.392396
0.679505
0.876977
0.866370
0.703187
0.946101
0.788117
0.973691
0.864317
0.306560
0.177259
0.570626
0.961773
0.851058
0.645609
0.557042
0.536686
0.899517
0.987685
0.663758
0.859319
0.149331
0.055147
0.155612
0.467000
0.906935
0.990841
0.451423
0.793566
0.558315
0.918592
0.639203
0.052984
0.978681
0.409001
0.896542
0.640271
0.869701
0.922765
0.808491
0.563300
0.440809
0.321970
0.043496
0.670748
0.356402
0.723507
0.885123
0.735197
0.775658
0.826254
0.415032
0.707759
0.795301
0.400251
0.095206
0.370252
0.988719
0.888243
0.846859
0.273441
0.286294
0.864597
0.472613
0.059322
0.655575
0.409101
0.325928
0.314831
0.546085
0.595098
0.993725
0.976377
0.192224
0.222886
0.993335
0.563416
0.500707
0.161365
0.126968
0.650830
0.787898
0.785048
0.038530
0.249113
0.476735
0.736695
0.884336
0.851253
0.685294
0.719321
0.720368
0.677731
0.946459
0.544132
0.701896
0.959412
0.647745
0.722345
0.897786
0.717806
0.092613
0.718040
0.956971
0.144807
0.378974
0.719554
0.858368
0.474780
0.383864
0.783288
0.632443
0.321885
0.931053
0.852996
0.788226
0.378974
0.286294
0.798543
0.926828
0.469478
0.009282
0.876168
0.461956
0.770645
0.791391
0.826356
0.669445
0.936787
0.995147
0.681160
0.494609
0.028642
0.646915
0.363516
0.737731
0.807323
0.893948
0.784938
0.821193
0.948172
0.902856
0.686474
0.737040
0.595098
0.593452
0.952574
0.664943
0.626635
0.627820
0.801876
0.869332
0.470018
0.305239
0.082916
0.992381
0.808173
0.483607
0.249965
0.226616
0.939556
0.763693
0.071282
0.816084
0.663046
0.992895
0.696726
0.606882
0.018327
0.084183
0.145218
0.393177
0.765604
0.482294
0.986356
0.915598
0.675838
0.779648
0.252893
0.089933
0.413419
0.599336
0.794325
0.178178
0.291286
0.648694
0.792044
0.767623
0.228865
0.543787
0.957602
0.066803
0.136630
0.905185
0.182394
0.401339
0.622371
0.834305
0.349924
0.668972
0.475323
0.786803
0.490525
0.763467
0.060953
0.496158
0.161016
0.975476
0.324892
0.412412
0.378974
0.874903
0.823265
0.992472
0.588049
0.139870
0.717340
0.477822
0.811772
0.593452
0.429610
0.641813
0.616808
0.692134
0.928367
0.563532
0.987857
0.679623
0.618228
0.662454
0.696843
0.770309
0.392688
0.864317
0.978401
0.536800
0.255702
0.763355
0.292724
0.848818
0.301379
0.807216
0.718156
0.490415
0.080489
0.575057
0.778652
0.246289
0.905744
0.825328
0.904224
0.547695
0.555076
0.868502
0.456089
0.874541
0.673353
0.875897
0.678795
0.575174
0.545395
0.332628
0.991004
0.867391
0.889017
0.624503
0.879749
0.595334
0.291925
0.950143
0.343794
0.750214
0.385697
0.789210
0.150362
0.090476
0.429301
0.930916
0.820674
0.935477
0.884424
0.808597
0.964195
0.335881
0.521679
0.696726
0.143763
0.311136
0.437058
0.734735
0.716408
0.890302
0.811772
0.754082
0.339066
0.714658
0.859034
0.789428
0.641457
0.090809
0.598158
0.958848
0.304003
0.949683
0.986877
0.228931
0.328701
0.939747
0.882757
0.852222
0.267104
0.829837
0.990656
0.839131
0.778098
0.858559
0.592394
0.301297
0.174736
0.651660
0.484373
0.876798
0.985330
0.712322
0.417256
0.553228
0.272378
0.917625
0.904224
0.656050
0.283782
0.266059
0.277190
0.297717
0.345859
0.361196
0.551843
0.979644
0.633036
0.084154
0.958176
0.326533
0.064271
0.889361
0.673590
0.260511
0.901640
0.488214
0.367529
0.629598
0.476300
0.326966
0.550229
0.459605
0.362309
0.037584
0.403718
0.244187
0.981167
0.642406
0.455345
0.970998
0.584297
0.983013
0.831467
0.760762
0.769750
0.754082
0.796816
0.803055
0.846368
0.829939
0.979610
0.364540
0.495604
0.822023
0.571441
0.515136
0.671814
0.789100
0.985330
0.921750
0.932409
0.271544
0.835113
0.514911
0.404911
0.899270
0.478040
0.627228
0.641101
0.906459
0.134606
0.492951
0.937631
0.966981
0.357781
0.638610
0.961970
0.726525
0.411608
0.719903
0.385697
0.644660
0.654270
0.580433
0.636000
0.618583
0.959667
0.746448
0.577743
0.563996
0.240922
0.479892
0.931800
0.903098
0.796599
0.919553
0.700252
0.931800
0.943187
0.954992
0.171822
0.288663
0.847546
0.575641
0.637780
0.948581
0.554036
0.971955
0.897455
0.025341
0.486786
0.615034
0.823368
0.900009
0.693194
0.888501
0.139826
0.973968
0.769750
0.820882
0.663165
0.324289
0.064963
0.803269
0.557968
0.081062
0.343256
0.853479
0.790083
0.947112
0.541722
0.170406
0.126359
0.341291
0.728842
0.868871
0.958539
0.907014
0.964621
0.989406
0.460032
0.460993
0.959870
0.624029
0.523149
0.607826
0.620713
0.965138
0.437682
0.789646
0.463777
0.313820
0.697314
0.392396
0.715708
0.719554
0.667669
0.803483
0.164688
0.627346
0.227144
0.445311
0.377448
0.837428
0.604994
0.961822
0.842715
0.750214
0.642643
0.952127
0.512551
0.970872
0.356310
0.388019
0.975286
0.794542
0.659015
0.913318
0.170615
0.695549
0.399955
0.900009
0.818384
0.944776
0.661861
0.094356
0.290012
0.362587
0.563184
0.333154
0.209872
0.490965
0.494830
0.820882
0.423765
0.937372
0.649643
0.951790
0.248688
0.958435
0.843409
0.959208
0.287319
0.878411
0.974438
0.725597
0.966388
0.869332
0.215952
0.382902
0.885123
0.476191
0.756578
0.870895
0.358794
0.741867
0.976563
0.423969
0.920656
0.200145
0.064271
0.926758
0.939684
0.849599
0.405707
0.042406
0.620950
0.940001
0.441122
0.677376
0.807960
0.274967
0.049186
0.805832
0.851931
0.805406
0.997772
0.698842
0.584531
0.295213
0.787898
0.322828
0.613852
0.572607
0.712439
0.892683
0.736925
0.401933
0.014792
0.642050
0.323601
0.838931
0.616927
0.561095
0.113400
0.379834
0.293365
0.194777
0.795626
0.928991
0.781966
0.476626
0.293205
0.823058
0.055963
0.794759
0.494830
0.487664
0.501708
0.140401
0.590044
0.919774
0.060742
0.852028
0.440704
0.441435
0.310300
0.454071
0.575874
0.675128
0.937631
0.053003
0.555885
0.712906
0.252320
0.319663
0.590162
0.456089
0.877605
0.019487
0.276192
0.639677
0.113032
0.580784
0.388212
0.824916
0.550114
0.591924
0.963285
0.873906
0.382999
0.616927
0.603107
0.954394
0.502710
0.553921
0.940001
0.454071
0.123153
0.373082
0.166422
0.765716
0.955693
0.687064
0.914993
0.522697
0.727568
0.875987
0.551612
0.995908
0.712906
0.821193
0.658659
0.698137
0.806258
0.491076
0.513899
0.451529
0.391615
0.734620
0.811350
0.651779
0.828918
0.853768
0.645965
0.579497
0.354295
0.570742
0.333505
0.987511
0.320260
0.491517
0.686710
0.194893
0.899763
0.936657
0.951621
0.766614
0.962019
0.736003
0.390057
0.552535
0.960023
0.785267
0.136717
0.504940
0.754423
0.257880
0.289694
0.393470
0.868040
0.953351
0.377352
0.974399
0.575874
0.504716
0.837929
0.397491
0.643237
0.973929
0.937502
0.878590
0.759407
0.794868
0.704361
0.828100
0.780753
0.936591
0.790083
0.993201
0.477931
0.959514
0.303838
0.911858
0.915900
0.621779
0.413217
0.977295
0.993661
0.891920
0.198362
0.686946
0.716524
0.731849
0.599807
0.872815
0.417256
0.969463
0.557736
0.872633
0.547120
0.972892
0.279194
0.212238
0.773767
0.775547
0.892936
0.834508
0.818279
0.269882
0.942260
0.898694
0.621661
0.951112
0.320260
0.991263
0.717573
0.926194
0.496490
0.960073
0.939874
0.314157
0.968369
0.439974
0.627109
0.982120
0.563068
0.561327
0.754764
0.978154
0.940128
0.403420
0.534630
0.941387
0.337294
0.218756
0.487444
0.360826
0.610188
0.451423
0.979745
0.495826
0.967522
0.804659
0.966297
0.807642
0.873270
0.275885
0.724901
0.985522
0.307803
0.660912
0.624977
0.562487
0.736925
0.404314
0.955424
0.906141
0.226946
0.842418
0.270939
0.941762
0.522131
0.984714
0.716757
0.197298
0.699195
0.942260
0.795951
0.390641
0.879393
0.813038
0.536229
0.892852
0.980048
0.321286
0.994503
0.756465
0.642050
0.768743
0.723624
0.847154
0.910465
0.190900
0.887294
0.522923
0.938469
0.722810
0.892513
0.991263
0.339066
0.904465
0.844003
0.898777
0.908590
0.301052
0.723507
0.575407
0.898859
0.969419
0.389377
0.672524
0.169312
0.958072
0.416244
0.609480
0.979200
0.480329
0.363237
0.909217
0.754423
0.570859
0.752605
0.555076
0.780642
0.886427
0.842517
0.262351
0.517276
0.909842
0.122205
0.770868
0.936917
0.473154
0.802198
0.289853
0.999663
0.823161
0.181456
0.625687
0.421623
0.192686
0.998764
0.992929
0.602753
0.566901
0.590749
0.821193
0.569578
0.859224
0.592394
0.634696
0.073634
0.983434
0.359717
0.995823
0.325237
0.616690
0.979610
0.712322
0.888587
0.187765
0.507732
0.381654
0.622726
0.825225
0.523716
0.766838
0.558199
0.766390
0.922910
0.739456
0.892513
0.973850
0.927460
0.014641
0.987734
0.681987
0.665654
0.674892
0.580082
0.613734
0.893021
0.683877
0.611606
0.768855
0.813564
0.987586
0.334823
0.592394
0.999331
0.588518
0.510307
0.924204
0.798435
0.929475
0.513450
0.916351
0.380791
0.739571
0.846859
0.680569
0.430022
0.638135
0.075105
0.935674
0.274509
0.634814
0.682696
0.770868
0.165044
0.887898
0.392396
0.714891
0.922693
0.649169
0.428273
0.975741
0.589105
0.708111
0.709632
0.793674
0.198955
0.664469
0.793349
0.477496
0.819322
0.382134
0.100088
0.374407
0.698489
0.078737
0.442272
0.742441
0.628887
0.288505
0.762567
0.704126
0.498042
0.973968
0.185400
0.762454
0.468400
0.868040
0.508068
0.217414
0.973493
0.973850
0.712906
0.474129
0.768296
0.281054
0.977258
0.634814
0.857510
0.330355
0.181291
0.276805
0.478693
0.667787
0.834204
0.867206
0.249467
0.583945
0.535429
0.405309
0.998727
0.844200
0.302115
0.840030
0.731272
0.448256
0.204719
0.255775
0.948114
0.602282
0.338179
0.656761
0.776768
0.636475
0.993992
0.130634
0.223146
0.285350
0.762792
0.820466
0.960275
0.337471
0.813669
0.335616
0.613970
0.953296
0.034897
0.664469
0.821712
0.543787
0.904945
0.785377
0.956707
0.904144
0.678559
0.802090
0.785267
0.299992
0.817339
0.899435
0.389183
0.712906
0.964385
0.847938
0.981774
0.825945
0.905823
0.523036
0.906538
0.950429
0.870345
0.141827
0.813880
0.280588
0.973493
0.946697
0.862345
0.750101
0.953019
0.674537
0.806365
0.452375
0.198066
0.245376
0.310384
0.420910
0.309383
0.272453
0.239887
0.704712
0.903903
0.960577
0.956654
0.907409
0.962898
0.925344
0.940759
0.334999
0.395821
0.199787
0.655457
0.521565
0.914386
0.026422
0.504828
0.693665
0.934750
0.694490
0.589223
0.507844
0.893021
0.564693
0.501819
0.885297
0.981963
0.632917
0.771761
0.461528
0.799620
0.810716
0.677258
0.456833
0.989248
0.932342
0.970746
0.966981
0.273670
0.343435
0.914765
0.902289
0.529845
0.372798
0.440078
0.955046
0.866184
0.682696
0.603579
0.561327
0.946994
0.169624
0.481420
0.988719
0.841424
0.934019
0.599336
0.610543
0.528253
0.967026
0.437786
0.946697
0.880460
0.650474
0.720950
0.451529
0.225105
0.150833
0.678914
0.642643
0.614325
0.192744
0.472180
0.299015
0.708462
0.246429
0.272378
0.712672
0.625687
0.700252
0.350741
0.689305
0.206609
0.633510
0.229130
0.755558
0.725597
0.982739
0.483169
0.519306
0.965836
0.918666
0.280200
0.363702
0.997352
0.537714
0.195478
0.838330
0.457259
0.801876
0.554498
0.631732
0.972283
0.141559
0.041238
0.447940
0.716641
0.975929
0.970492
0.126724
0.632917
0.911627
0.086739
0.845877
0.511317
0.367716
0.518516
0.981360
0.889017
0.708462
0.661387
0.527458
0.698725
0.018005
0.724436
0.274738
0.935081
0.604522
0.875356
0.357504
0.637424
0.078924
0.180523
0.493724
0.437786
0.876348
0.480656
0.956707
0.220169
0.715241
0.292724
0.681750
0.326187
0.621187
0.222432
0.606764
0.387340
0.888931
0.588284
0.952015
0.999246
0.725829
0.621424
0.367342
0.400647
0.309300
0.082137
0.671577
0.965511
0.601103
0.734389
0.652610
0.856937
0.821919
0.715358
0.426118
0.859794
0.461742
0.801125
0.749417
0.726757
0.774435
0.428890
0.503490
0.881788
0.587228
0.612079
0.498486
0.473371
0.176397
0.642762
0.806578
0.639440
0.217925
0.895625
0.809869
0.979981
0.961028
0.881876
0.802412
0.756578
0.759972
0.341558
0.193671
0.291525
0.417357
0.611842
0.562951
0.476626
0.656761
0.615389
0.812300
0.514686
0.736464
0.674655
0.795193
0.949855
0.177962
0.982089
0.876348
0.455664
0.705416
0.566204
0.074671
0.574473
0.638135
0.300726
0.766277
0.384057
0.602635
0.851738
0.555885
0.346669
0.463563
0.557620
0.834204
0.891920
0.392298
0.763355
0.809552
0.349471
0.656287
0.069473
0.318897
0.460886
0.803804
0.514574
0.982647
0.638728
0.927949
0.117826
0.565855
0.571674
0.455026
0.849891
0.654389
0.872997
0.782848
0.210617
0.708345
0.550920
0.628057
0.388309
0.591806
0.507173
0.991024
0.703539
0.541264
0.195712
0.749303
0.230062
0.087528
0.848036
0.613852
0.961970
0.659371
0.388019
0.637898
0.629005
0.768408
0.198717
0.955370
0.993268
0.772096
0.600278
0.545395
0.518403
0.731156
0.735312
0.799512
0.449205
0.428068
0.982089
