0.986090
0.791064
0.993930
0.892344
0.160717
0.939174
0.665773
0.895708
0.710451
0.952574
0.213554
0.752719
0.417458
0.926617
0.874813
0.982616
0.513899
0.052910
0.224778
0.976820
0.287477
0.537486
0.453223
0.029002
0.844793
0.800265
0.989293
0.426426
0.405110
0.955693
0.608889
0.482076
0.932274
0.442586
0.097701
0.592982
0.132903
0.414830
0.270561
0.764143
0.015198
0.966480
0.457153
0.805406
0.822437
0.493393
0.827588
0.392591
0.229729
0.742441
0.728726
0.938083
0.664706
0.824297
0.251890
0.705650
0.820362
0.581252
0.731734
0.158491
0.747020
0.873725
0.760988
0.958487
0.531324
0.579146
0.559936
0.756691
0.395036
0.710334
0.203688
0.050542
0.925770
0.941261
0.986090
0.122717
0.508627
0.241129
0.215762
0.582422
0.552766
0.819218
0.813880
0.779427
0.418776
0.908904
0.737846
0.981360
0.396705
0.194893
0.906062
0.896874
0.885297
0.209934
0.710919
0.946459
0.412010
0.739341
0.072586
0.277343
0.719088
0.495826
0.060889
0.111097
0.668616
0.519306
0.429096
0.592159
0.727104
0.353564
0.347210
0.490084
0.670156
0.451634
0.363516
0.888845
0.545166
0.856746
0.122796
0.257298
0.243699
0.864410
0.995811
0.902856
0.226353
0.296100
0.943126
0.977941
0.394840
0.777434
0.757371
0.592394
0.104707
0.390349
0.180413
0.596981
0.598747
0.969851
0.139737
0.852512
0.178613
0.516938
0.457472
0.529845
0.125591
0.529503
0.388892
0.941261
0.992290
0.317198
0.571441
0.645965
0.936265
0.171244
0.783509
0.219976
0.752491
0.733351
0.918146
0.820570
0.763017
0.790519
0.979847
0.753173
0.278036
0.236940
0.751581
0.119708
0.704947
0.932814
0.118093
0.296261
0.642525
0.523602
0.156875
0.565855
0.099494
0.307057
0.724669
0.945861
0.672051
0.131513
0.929544
0.458964
0.111569
0.491958
0.412412
0.780421
0.335264
0.119322
0.037979
0.044437
0.498153
0.775436
0.538286
0.462063
0.503824
0.190900
0.208574
0.266731
0.497376
0.876618
0.360641
0.538172
0.718738
0.064851
0.830041
0.597216
0.685884
0.351286
0.963861
0.481857
0.938341
0.942817
0.409502
0.184059
0.352925
0.581018
0.431672
0.386760
0.154213
0.738536
0.992290
0.268979
0.466785
0.885384
0.696726
0.589340
0.493393
0.574473
0.666365
0.507732
0.633036
0.525982
0.652847
0.629598
0.515361
0.866463
0.828509
0.524282
0.575524
0.270712
0.315084
0.910853
0.645491
0.790519
0.993417
0.708930
0.363423
0.885123
0.789865
0.564229
0.588988
0.860741
0.329658
0.345499
0.858368
0.925699
0.878232
0.068974
0.978083
0.573074
0.597805
0.053283
0.485579
0.634459
0.120717
0.528708
0.389474
0.735197
0.013362
0.919036
0.745076
0.240025
0.987235
0.429199
0.079811
0.487884
0.773879
0.324720
0.632087
0.960728
0.014663
0.563880
0.928714
0.701192
0.875446
0.789100
0.689423
0.875536
0.784278
0.946756
0.962362
0.851931
0.675483
0.738536
0.709515
0.359809
0.177529
0.518403
0.721764
0.545166
0.903662
0.272681
0.543558
0.242030
0.235240
0.583945
0.048908
0.865625
0.242377
0.652610
0.752605
0.031344
0.423356
0.170459
0.228467
0.133327
0.313063
0.425606
0.782738
0.978994
0.362866
0.058746
0.710802
0.530186
0.698019
0.833699
0.180030
0.999478
0.161815
0.550344
0.008629
0.980874
0.501374
0.042604
0.661149
0.147655
0.495383
0.469371
0.711620
0.457153
0.389960
0.414023
0.044930
0.527571
0.955693
0.477061
0.244327
0.881257
0.562719
0.720950
0.817444
0.260218
0.869977
0.799727
0.891665
0.209625
0.902532
0.429404
0.693901
0.683641
0.896957
0.473371
0.423050
0.223081
0.951055
0.844891
0.092521
0.198421
0.709515
0.431466
0.896209
0.705064
0.506391
0.358794
0.628650
0.437474
0.362958
0.215889
0.300481
0.982800
0.860741
0.762904
0.580550
0.814720
0.589575
0.339155
0.370911
0.626043
0.575874
0.752378
0.331228
0.889103
0.612670
0.821712
0.675128
0.959259
0.969980
0.715591
0.664350
0.608417
0.898447
0.944472
0.844891
0.862910
0.949625
0.927600
0.912781
0.427759
0.388892
0.033567
0.032131
0.170145
0.431672
0.076419
0.539660
0.961525
0.595922
0.803483
0.372325
0.209315
0.932477
0.103509
0.400350
0.898777
0.754423
0.302853
0.746105
0.702366
0.496490
0.776990
0.135852
0.881523
0.144899
0.804659
0.490415
0.855116
0.618820
0.958951
0.936722
0.517501
0.694136
0.198421
0.683168
0.844200
0.815245
0.172033
0.926828
0.706822
0.772876
0.054037
0.353838
0.883373
0.593452
0.001545
0.505609
0.844497
0.370157
0.250320
0.532577
0.653559
0.023310
0.201280
0.302033
0.056911
0.000082
0.621661
0.896957
0.104501
0.853672
0.016311
0.842616
0.524508
0.610543
0.669327
0.173194
0.413217
0.246992
0.138110
0.108586
0.827075
0.400548
0.100386
0.718040
0.052262
0.307472
0.754650
0.075798
0.770421
0.195829
0.780753
0.941949
0.544361
0.692959
0.468400
0.967071
0.421419
0.331228
0.971748
0.298447
0.502376
0.835315
0.400745
0.897123
0.155225
0.715124
0.256354
0.822851
0.700017
0.536229
0.977222
0.342183
0.697902
0.825637
0.360178
0.375450
0.725133
0.683168
0.723507
0.837628
0.237486
0.997308
0.561675
0.833800
0.199549
0.830857
0.529276
0.061848
0.749303
0.382230
0.815245
0.348565
0.923126
0.261835
0.022983
0.579965
0.032687
0.506056
0.011010
0.343615
0.045477
0.457472
0.886080
0.349289
0.441644
0.785157
0.005809
0.686946
0.399856
0.113179
0.057390
0.427554
0.644186
0.657355
0.650118
0.030990
0.947644
0.794109
0.220943
0.157266
0.497598
0.491406
0.140401
0.283547
0.015472
0.130301
0.388116
0.838430
0.011559
0.889361
0.083533
0.767735
0.387728
0.150409
0.083337
0.065504
0.328440
0.139737
0.483060
0.020732
0.747134
0.090567
0.614561
0.638610
0.288980
0.197948
0.135464
0.896125
0.454708
0.882052
0.725133
0.792479
0.064672
0.418776
0.241337
0.646677
0.091143
0.836926
0.207958
0.707174
0.455026
0.707642
0.216587
0.911472
0.797572
0.675838
0.848329
0.347571
0.765154
0.122875
0.607354
0.854250
0.657829
0.134477
0.402527
0.074240
0.393079
0.285979
0.182284
0.380600
0.816817
0.527571
0.997618
0.184896
0.974321
0.165757
0.686828
0.607472
0.679623
0.161465
0.505609
0.401834
0.765379
0.474563
0.064851
0.515136
0.442167
0.209006
0.537257
0.669090
0.903340
0.611133
0.863098
0.001338
0.668853
0.498708
0.558894
0.081805
0.487444
0.090930
0.432498
0.544132
0.052428
0.767399
0.770086
0.171769
0.050471
0.205083
0.763918
0.122678
0.369029
0.782187
0.515699
0.211115
0.254115
0.792479
0.662928
0.555538
0.930779
0.753969
0.180742
0.620240
0.625450
0.192051
0.454283
0.711737
0.787351
0.595804
0.431259
0.619056
0.078897
0.592629
0.424787
0.304085
0.500040
0.020354
0.343256
0.559589
0.445101
0.974593
0.125148
0.733813
0.787131
0.825945
0.576108
0.180413
0.830755
0.869148
0.047273
0.694372
0.688362
0.853382
0.507285
0.954830
0.000488
0.126683
0.305156
0.429199
0.131136
0.212550
0.132185
0.470558
0.985247
0.972160
0.982647
0.541952
0.377067
0.818175
0.746791
0.629005
0.632324
0.008973
0.147147
0.473479
0.668498
0.588284
0.798866
0.060552
0.587110
0.035215
0.665773
0.345230
0.607590
0.491186
0.296584
0.940317
0.780863
0.521679
0.254115
0.668616
0.158295
0.288742
0.342630
0.387147
0.871170
0.229929
0.047407
0.578678
0.388212
0.888415
0.103271
0.668616
0.876348
0.629005
0.700605
0.524962
0.363144
0.643948
0.670511
0.207221
0.336675
0.414326
0.164942
0.954884
0.937177
0.311470
0.197357
0.338711
0.876077
0.459071
0.702249
0.112591
0.919406
0.596392
0.806791
0.633036
0.784718
0.145629
0.928297
0.648338
0.177583
0.200682
0.922621
0.440809
0.705181
0.551728
0.346760
0.008160
0.764480
0.193149
0.012547
0.475431
0.918146
0.903179
0.251604
0.279658
0.244047
0.213805
0.797788
0.642881
0.336145
0.102729
0.379834
0.306643
0.887812
0.666484
0.282766
0.249184
0.725249
0.758390
0.684822
0.260218
0.317113
0.668616
0.376496
0.926124
0.230729
0.602753
0.784608
0.195595
0.836926
0.924918
0.978890
0.124067
0.600749
0.400548
0.693194
0.428376
0.389960
0.875446
0.718971
0.934219
0.935213
0.543672
0.890729
0.559357
0.590867
0.973968
0.337205
0.718156
0.340845
0.964763
0.082331
0.525189
0.732889
0.263163
0.537600
0.217542
0.873816
0.535315
0.462598
0.697784
0.239956
0.945320
0.035240
0.600867
0.883899
0.819113
0.925912
0.270485
0.162617
0.298772
0.052189
0.945018
0.245166
0.672406
0.770645
0.489864
0.389183
0.567715
0.176020
0.854346
0.379452
0.921532
0.885297
0.021013
0.561211
0.233481
0.439244
0.901640
0.746677
0.165248
0.720019
0.698137
0.670985
0.081419
0.317113
0.363888
0.976415
0.223472
0.756125
0.655338
0.448467
0.641931
0.996831
0.980612
0.498930
0.630309
0.448256
0.393861
0.164536
0.221266
0.132946
0.805406
0.061335
0.544132
0.522697
0.811350
0.792371
0.024184
0.771091
0.824916
0.099890
0.177259
0.257443
0.741982
0.298690
0.803911
0.382806
0.314409
0.071919
0.013164
0.221913
0.500485
0.424992
0.466355
0.351286
0.054455
0.051170
0.007403
0.196945
0.755785
0.975741
0.900663
0.352834
0.333154
0.914841
0.007334
0.449838
0.231130
0.698254
0.850183
0.291605
0.014574
0.092398
0.268678
0.669564
0.846565
0.378687
0.281831
0.708462
0.306560
0.704126
0.989584
0.311721
0.238102
0.887985
0.570393
0.371476
0.320346
0.930300
0.363888
0.165400
0.624503
0.004161
0.000039
0.378592
0.071209
0.676785
0.904144
0.407502
0.920582
0.964857
0.872268
0.964668
0.545625
0.098512
0.596157
0.969202
0.034046
0.270108
0.756011
0.075592
0.808491
0.652135
0.750670
0.940064
0.731156
0.129099
0.268303
0.000240
0.076993
0.906935
0.345499
0.831670
0.034935
0.918221
0.598040
0.120289
0.511990
0.507061
0.415638
0.718156
0.175056
0.937177
0.115933
0.698725
0.254259
0.547695
0.712672
0.457685
0.498597
0.297069
0.335704
0.497820
0.430331
0.994038
0.991730
0.624977
0.864130
0.487664
0.440182
0.885210
0.180249
0.972324
0.782848
0.063322
0.701309
0.271695
0.353655
0.698254
0.664824
0.989717
0.336498
0.930300
0.523489
0.831162
0.021692
0.640389
0.460459
0.804231
0.157412
0.913547
0.999169
0.015698
0.478258
0.018382
0.917848
0.400251
0.396312
0.377352
0.606292
0.276652
0.308800
0.391810
0.485908
0.435086
0.722229
0.486786
0.909764
0.922476
0.268378
0.836825
0.248829
0.343794
0.728842
0.209996
0.935213
0.304579
0.517839
0.017595
0.645491
0.740260
0.563880
0.110303
0.020400
0.075156
0.320944
0.527344
0.440078
0.305569
0.329310
0.233751
0.285036
0.226156
0.544132
0.557620
0.689777
0.158000
0.406006
0.685058
0.573307
0.143311
0.373460
0.348204
0.116008
0.290012
0.581252
0.933351
0.426836
0.191302
0.163019
0.728611
0.868040
0.551843
0.869701
0.215066
0.014546
0.557042
0.523489
0.198836
0.209996
0.918740
0.599336
0.109227
0.323171
0.596745
0.253827
0.026974
0.204355
0.569810
0.129720
0.371005
0.542410
0.007316
0.268828
0.722927
0.815979
0.707876
0.347481
0.105155
0.299992
0.881876
0.484373
0.225499
0.559010
0.593217
0.565506
0.203688
0.858654
0.053772
0.768184
0.347842
0.382230
0.884249
0.971541
0.948698
0.646084
0.653084
0.113437
0.731965
0.595922
0.202843
0.790519
0.601103
0.417155
0.020347
0.798327
0.809869
0.690720
0.292644
0.654864
0.817862
0.682932
0.647626
0.192166
0.913623
0.650830
0.483826
0.057892
0.126805
0.696373
0.813459
0.034821
0.455770
0.724204
0.002094
0.125792
0.297393
0.485908
0.197889
0.540920
0.557042
0.394644
0.933351
0.174950
0.704361
0.951846
0.404413
0.938148
0.622253
0.560052
0.615152
0.858464
0.257734
0.472829
0.941199
0.060028
0.168068
0.911240
0.326966
0.899927
0.774880
0.716408
0.544132
0.630783
0.100088
0.933418
0.128687
0.947290
0.456089
0.513787
0.205083
0.551266
0.073710
0.117902
0.464314
0.879215
0.886254
0.142995
0.844003
0.456195
0.225827
0.343704
0.425401
0.969246
0.415638
0.585469
0.934418
0.272985
0.966343
0.115257
0.867854
0.897455
0.723043
0.147193
0.991401
0.249538
0.319578
0.266731
0.278268
0.730347
0.329745
0.823265
0.520322
0.919627
0.766838
0.520435
0.686592
0.683050
0.600278
0.779979
0.074316
0.187878
0.423867
0.011903
0.960174
0.394644
0.596863
0.129803
0.264126
0.060237
0.078550
0.517389
0.770198
0.634222
0.381175
0.866090
0.768967
0.648932
0.909061
0.901640
0.462384
0.201460
0.498153
0.757824
0.655338
0.692841
0.779205
0.577977
0.247839
0.114214
0.365752
0.908826
0.325237
0.493393
0.923630
0.416750
0.890644
0.673945
0.190098
0.911704
0.074900
0.848818
0.892005
0.795409
0.407103
0.247768
0.365286
0.501041
0.395036
0.840229
0.716058
0.701427
0.365939
0.998037
0.925060
0.331228
0.816293
0.297393
0.051061
0.439452
0.188729
0.948523
0.716291
0.937047
0.614325
0.468292
0.658066
0.504382
0.205571
0.813669
0.582657
0.974787
0.210928
0.847154
0.636000
0.743358
0.543902
0.729768
0.960174
0.885558
0.401240
0.717573
0.385697
0.413419
0.198480
0.703891
0.134136
0.350922
0.083590
0.372042
0.123510
0.499596
0.811667
0.976266
0.402131
0.369029
0.711387
0.183558
0.550344
0.191993
0.949279
0.668024
0.280123
0.959412
0.680332
0.204112
0.033275
0.820154
0.735658
0.219398
0.731272
0.748047
0.967297
0.702953
0.186861
0.235443
0.566087
0.661624
0.152111
0.309716
0.243978
0.988625
0.662572
0.622845
0.560400
0.614561
0.534744
0.188332
0.817130
0.495162
0.746677
0.047458
0.374596
0.486127
0.892852
0.185008
0.363051
0.175163
0.845877
0.389280
0.602871
0.412714
0.806897
0.471206
0.653677
0.640626
0.860741
0.374502
0.473479
0.456727
0.318727
0.857033
0.462170
0.885558
0.970661
0.688008
0.728031
0.566785
0.211613
0.558083
0.073133
0.616808
0.713724
0.700722
0.871719
0.481311
0.376496
0.942073
0.082248
0.896042
0.777101
0.521339
0.773656
0.167914
0.120639
0.481202
0.363237
0.274585
0.654152
0.982338
0.277113
0.970914
0.397589
0.634222
0.311805
0.388697
0.308800
0.635645
0.912628
0.995991
0.888931
0.051170
0.113880
0.978890
0.001666
0.113954
0.615389
0.747819
0.821401
0.532349
0.349743
0.126602
0.510868
0.168845
0.122955
0.908355
0.736464
0.536686
0.697549
0.920142
0.014217
0.939238
0.553112
0.222821
0.287556
0.041923
0.558083
0.115108
0.082749
0.569112
0.394938
0.133880
0.925273
0.423356
0.885993
0.915824
0.462170
