0.218908
0.034778
0.162284
0.321242
0.846811
0.988030
0.775245
0.523578
0.962771
0.967570
0.545889
0.024768
0.002769
0.031752
0.564922
0.316530
0.333688
0.535691
0.874752
0.412083
0.265429
0.316876
0.716035
0.942030
0.564037
0.313750
0.150823
0.003457
0.718767
0.523894
0.501180
0.891729
0.891234
0.971124
0.982269
0.240558
0.811771
0.764322
0.905453
0.614122
0.609426
0.803128
0.985020
0.979891
0.588799
0.290195
0.231695
0.028087
0.915012
0.004519
0.000192
0.011425
0.511113
0.212331
0.406683
0.323437
0.479744
0.692210
0.233895
0.111401
0.826370
0.523312
0.388300
0.702778
0.310128
0.791704
0.817253
0.762319
0.243918
0.058345
0.791312
0.395390
0.803515
0.697214
0.887424
0.684108
0.146062
0.460569
0.174342
0.897173
