0.904625
0.284879
0.351559
0.277190
0.988719
0.181401
0.476191
0.769974
0.856076
0.664943
0.768408
0.146455
0.945741
0.912012
0.938726
0.934086
0.385407
0.451211
0.328353
0.515249
0.640508
0.229995
0.722927
0.948465
0.693548
0.972405
0.287635
0.907093
0.457153
0.926406
0.722113
0.770086
0.921969
0.323085
0.761778
0.716058
0.562371
0.982338
0.669801
0.498375
0.269882
0.949221
0.309800
0.101117
0.541722
0.565158
0.800588
0.993151
0.979813
0.847546
0.708579
0.312644
0.560400
0.149940
0.975741
0.732427
0.629005
0.438619
0.941136
0.398082
0.586524
0.542984
0.572957
0.152968
0.968545
0.358149
0.307472
0.961970
0.892598
0.763242
0.771426
0.828407
0.367716
0.901559
0.904625
0.575407
0.742670
0.398968
0.939429
0.187030
0.760085
0.089573
0.253899
0.755558
0.839031
0.017423
0.652610
0.828509
0.729999
0.935543
0.554960
0.066505
0.686592
0.961128
0.584648
0.275120
0.609834
0.064049
0.724669
0.373744
0.575641
0.797248
0.530072
0.530983
0.012408
0.946578
0.988317
0.020157
0.603697
0.096702
0.140801
0.887207
0.639915
0.111387
0.808810
0.973533
0.483935
0.970746
0.333593
0.112481
0.999917
0.676312
0.768967
0.098090
0.110159
0.868502
0.181071
0.193439
0.573657
0.960326
0.927179
0.588518
0.171875
0.394155
0.427554
0.567483
0.181842
0.565158
0.750101
0.900172
0.814930
0.588988
0.188559
0.491076
0.864504
0.344691
0.463241
0.901559
0.923198
0.878769
0.579614
0.584179
0.705768
0.629716
0.728726
0.432602
0.913852
0.749074
0.357137
0.477061
0.394840
0.965278
0.569810
0.882493
0.289059
0.747134
0.999344
0.189869
0.257516
0.572141
0.904224
0.973333
0.552074
0.825637
0.696608
0.535657
0.965975
0.358794
0.936591
0.888587
0.008360
0.437578
0.272302
0.997207
0.063961
0.662691
0.490745
0.802519
0.706002
0.583945
0.705533
0.798327
0.548616
0.808385
0.360548
0.956547
0.525756
0.657473
0.807960
0.423050
0.898034
0.675838
0.761439
0.318216
0.736579
0.239818
0.933685
0.605112
0.783509
0.272605
0.009840
0.316690
0.911781
0.139384
0.398870
0.894032
0.440391
0.158000
0.863286
0.493282
0.809658
0.132523
0.923198
0.903662
0.751012
0.923702
0.829633
0.452058
0.843904
0.690484
0.122638
0.012644
0.911472
0.324978
0.775213
0.418675
0.145675
0.816817
0.614325
0.430744
0.854346
0.922621
0.226221
0.797572
0.854250
0.083112
0.975741
0.175163
0.184282
0.801554
0.084951
0.876258
0.767399
0.385021
0.436954
0.547120
0.052576
0.204658
0.244257
0.513450
0.903823
0.639440
0.113105
0.567715
0.957759
0.074417
0.331053
0.939493
0.787351
0.063476
0.960275
0.873725
0.001958
0.208081
0.406305
0.244466
0.942073
0.909530
0.110808
0.439348
0.256282
0.195069
0.410905
0.013281
0.070336
0.974047
0.949798
0.036460
0.019045
0.578562
0.046129
0.784718
0.009078
0.630783
0.479238
0.132523
0.572607
0.742555
0.206548
0.241683
0.631257
0.692488
0.820258
0.035664
0.162567
0.222821
0.564925
0.668853
0.757597
0.897621
0.917550
0.950828
0.655219
0.726873
0.932342
0.124747
0.580316
0.778320
0.994206
0.836222
0.156194
0.542181
0.951225
0.316774
0.771761
0.587580
0.753060
0.945741
0.897869
0.018626
0.721764
0.574007
0.587697
0.483607
0.188729
0.034294
0.532691
0.640508
0.384732
0.567018
0.585469
0.153542
0.301706
0.000835
0.837227
0.865531
0.945078
0.575174
0.681278
0.935740
0.660912
0.911704
0.332102
0.990215
0.646796
0.800480
0.769079
0.266581
0.134948
0.127702
0.706822
0.746334
0.459818
0.644304
0.558083
0.457472
0.983789
0.720950
0.576809
0.026696
0.572607
0.936591
0.752719
0.600160
0.814825
0.652254
0.148398
0.777988
0.324375
0.835214
0.190613
0.017083
0.020592
0.931597
0.370722
0.483935
0.798003
0.219269
0.051116
0.710802
0.634933
0.508851
0.601692
0.833395
0.832381
0.178287
0.041386
0.822437
0.053040
0.763805
0.340222
0.120134
0.949163
0.412915
0.337648
0.864223
0.026053
0.122362
0.719670
0.005387
0.028642
0.371193
0.590632
0.534744
0.954721
0.452481
0.154887
0.860457
0.993302
0.982214
0.344511
0.744389
0.624384
0.309800
0.930232
0.862628
0.526890
0.256572
0.327399
0.296261
0.402032
0.260658
0.563648
0.876887
0.910465
0.664706
0.412613
0.112628
0.481420
0.339599
0.588166
0.813564
0.049238
0.026696
0.422030
0.439974
0.501041
0.290808
0.265165
0.838831
0.834911
0.613379
0.777988
0.038061
0.799189
0.909842
0.294167
0.678559
0.346399
0.900989
0.927109
0.597216
0.002862
0.840030
0.864597
0.908276
0.636475
0.577159
0.790628
0.923198
0.351104
0.339155
0.910853
0.852416
0.736119
0.253108
0.881876
0.607236
0.711270
0.128893
0.987906
0.460352
0.978576
0.502153
0.141113
0.335440
0.763467
0.667905
0.951169
0.417762
0.965138
0.469586
0.460032
0.336940
0.987361
0.640864
0.136630
0.708228
0.412211
0.913700
0.940633
0.739686
0.884773
0.248475
0.190900
0.983074
0.360548
0.616217
0.469802
0.535087
0.791935
0.887639
0.240784
0.843508
0.539889
0.981900
0.776879
0.577743
0.422030
0.664943
0.886774
0.552074
0.799942
0.594981
0.536571
0.589457
0.976452
0.668498
0.023094
0.625569
0.515699
0.154839
0.230729
0.042482
0.699430
0.721066
0.399560
0.774101
0.949394
0.886080
0.355393
0.791173
0.521792
0.476735
0.631850
0.704595
0.820778
0.536229
0.208636
0.332803
0.346760
0.881080
0.558662
0.494166
0.764143
0.702014
0.682696
0.331490
0.925841
0.573657
0.847644
0.357965
0.918443
0.113069
0.989111
0.976042
0.761890
0.504940
0.102088
0.316605
0.717457
0.499152
0.716991
0.720485
0.168793
0.954503
0.622134
0.212864
0.682459
0.400054
0.022855
0.451740
0.484483
0.367342
0.578795
0.740719
0.339155
0.475648
0.662454
0.932746
0.852512
0.577743
