0.342901
0.384604
0.210962
0.547472
0.249591
0.009345
0.010507
0.014306
0.000000
0.000000
0.000000
0.000000
0.000000
0.000000
0.000000
0.000000
0.182407
0.258113
0.993163
0.606629
0.975884
0.399440
0.540796
0.003415
0.302985
0.094080
0.440813
0.323764
0.999018
0.986355
0.721963
0.158112
0.003732
0.001091
0.167303
0.174798
0.248867
0.819524
0.811696
0.789380
0.000000
0.000000
0.000000
0.000000
0.000000
0.000000
0.000000
0.000000
0.000000
0.000000
0.000000
0.000000
0.000000
0.000000
0.000000
0.000000
0.887522
0.362369
0.707577
0.122592
0.619788
0.708392
0.909806
0.933682
0.825525
0.859467
0.131970
0.708899
0.615787
0.420729
0.105231
0.623386
0.604500
0.831477
0.812774
0.954128
0.458018
0.315388
0.504123
0.989392
