0.000000
0.000000
0.000000
0.000000
0.000000
0.000000
0.000000
0.000000
0.000000
0.000000
0.000000
0.000000
0.000000
0.000000
0.000000
0.000000
0.000000
0.000000
0.545757
0.290433
0.218481
0.582873
0.855875
0.967145
0.850891
0.992829
0.913221
0.358348
0.388208
0.738237
0.759622
0.607429
0.836374
0.989665
0.635271
0.468479
0.245856
0.331604
0.402400
0.333967
0.285465
0.324838
0.548815
0.850265
0.793644
0.541626
0.549971
0.650327
0.757349
0.976813
0.615109
0.588439
0.668831
0.566219
0.000000
0.000000
0.000000
0.000000
0.000000
0.000000
0.000000
0.000000
0.000000
0.000000
0.000000
0.000000
0.000000
0.000000
0.000000
0.000000
0.000000
0.000000
0.000000
0.000000
0.000000
0.000000
0.000000
0.000000
0.000000
0.000000
0.000000
0.000000
0.000000
0.000000
0.000000
0.000000
0.000000
0.000000
0.000000
0.000000
0.000000
0.000000
0.000000
0.000000
0.000000
0.000000
0.000000
0.000000
0.000000
0.000000
0.000000
0.000000
0.000000
0.000000
0.000000
0.000000
0.000000
0.000000
0.000000
0.000000
0.000000
0.000000
0.000000
0.000000
0.000000
0.000000
0.000000
0.000000
0.000000
0.000000
0.000000
0.000000
0.000000
0.000000
0.000000
0.000000
0.227945
0.260558
0.380702
0.553760
0.870001
0.693332
0.621283
0.943505
0.357273
0.539403
0.985865
0.945296
0.871011
0.861955
0.746071
0.639721
0.606554
0.660588
0.318816
0.327895
0.433190
0.548315
0.497826
0.496709
0.373267
0.240322
0.346221
0.368584
0.276744
0.338372
0.432532
0.335371
0.336175
0.321414
0.254845
0.311313
0.000000
0.000000
0.000000
0.000000
0.000000
0.000000
0.000000
0.000000
0.000000
0.000000
0.000000
0.000000
0.000000
0.000000
0.000000
0.000000
0.000000
0.000000
