0.873997
0.520887
0.033118
0.668379
0.361011
0.290888
0.945621
0.821919
0.756238
0.461742
0.657829
0.653677
0.293686
0.934816
0.528594
0.737385
0.320004
0.100850
0.385117
0.581018
0.249538
0.759633
0.161665
0.510644
0.766277
0.000229
0.848916
0.864130
0.045965
0.947644
0.008861
0.702014
0.670748
0.081474
0.390155
0.967925
0.961327
0.103102
0.513562
0.774213
0.098937
0.253108
0.545395
0.674773
0.707057
0.678086
0.021005
0.002369
0.520096
0.133497
0.963092
0.595922
0.631376
0.005874
0.954285
0.329049
0.007976
0.096831
0.403519
0.674182
0.199549
0.409903
0.735658
0.545166
0.511990
0.773990
0.144398
0.540920
0.907330
0.860552
0.080598
0.815979
0.818697
0.964052
0.873997
0.476843
0.954775
0.008666
0.902370
0.316774
0.000078
0.909295
0.506614
0.368185
0.667905
0.204355
0.505274
0.312392
0.644660
0.997483
0.358333
0.633273
0.646203
0.115670
0.000088
0.383191
0.299503
0.613024
0.046855
0.170041
0.062084
0.039641
0.873361
0.627820
0.089483
0.923270
0.964385
0.936068
0.589457
0.153398
0.139076
0.849599
0.502599
0.670511
0.647864
0.640389
0.534858
0.007764
0.816607
0.192166
0.155273
0.888673
0.000810
0.574707
0.231264
0.329919
0.463241
0.000002
0.439661
0.588166
0.101084
0.801661
0.985849
0.021773
0.064071
0.592276
0.847350
0.666958
0.614325
0.749645
0.768855
0.525982
0.533489
0.730231
0.481966
0.834609
0.690013
0.964052
0.775769
0.838230
0.064583
0.325410
0.984256
0.209192
0.757711
0.339244
0.398574
0.638135
0.993201
0.474997
0.113769
0.505609
0.725365
0.958590
0.322914
0.809658
0.498708
0.782628
0.677495
0.692605
0.337382
0.910542
0.267478
0.950257
0.119514
0.479347
0.656761
0.693665
0.999317
0.535429
0.820778
0.796491
0.226880
0.482513
0.297636
0.450894
0.554960
0.526777
0.019509
0.859509
0.841822
0.813459
0.391031
0.144307
0.428068
0.299829
0.994718
0.840130
0.431982
0.705416
0.644304
0.897455
0.064071
0.718971
0.327226
0.697666
0.249965
0.406504
0.572374
0.916952
0.799404
0.769079
0.564693
0.358425
0.305239
0.624266
0.246289
0.191762
0.967567
0.947172
0.529276
0.697666
0.775769
0.411809
0.916502
0.575757
0.292484
0.336322
0.928506
0.628176
0.524508
0.974007
0.991204
0.989043
0.143627
0.258901
0.792262
0.661505
0.324978
0.808279
0.079595
0.971208
0.310801
0.277343
0.966297
0.276115
0.864597
0.645016
0.314493
0.552305
0.872815
0.493282
0.557157
0.536343
0.699430
0.327746
0.896375
0.292644
0.724436
0.836524
0.950028
0.852125
0.428993
0.029844
0.321457
0.459284
0.839630
0.606882
0.298366
0.375545
0.169468
0.769862
0.859129
0.915522
0.612197
0.393372
0.959361
0.604994
0.627583
0.398968
0.616335
0.835920
0.303592
0.936330
0.368091
0.349833
0.914157
0.745304
0.939238
0.793783
0.849891
0.420503
0.828305
0.768967
0.895792
0.697666
0.443842
0.455451
0.577159
0.613615
0.057792
0.065504
0.863942
0.835819
0.920875
0.466140
0.709632
0.600043
0.969894
0.479892
0.494498
0.685766
0.652491
0.756011
0.571791
0.842914
0.255992
0.878501
0.525075
0.712205
0.258317
0.699665
0.466140
0.077386
0.289456
0.969463
0.169312
0.341915
0.513113
0.348294
0.617163
0.842914
0.885384
0.204962
0.259778
0.151495
0.833192
0.757258
0.826767
0.795301
0.950314
0.402825
0.507397
0.266581
0.319834
0.955800
0.350559
0.787131
0.883373
0.726641
0.654508
0.811983
0.683995
0.706588
0.397688
0.316690
0.260732
0.627228
0.778652
0.418066
0.029735
0.779205
0.697196
0.984024
0.873361
0.297636
0.992199
0.248404
0.487115
0.980414
0.443842
0.990022
0.892936
0.750214
0.340133
0.277343
0.851350
0.696608
0.681278
0.341291
0.974204
0.024184
0.421725
0.529049
0.243768
0.167295
0.920289
0.736810
0.417053
0.586524
0.666484
0.586641
0.788117
0.182505
0.562371
0.484702
0.604050
0.738996
0.465172
0.515136
0.139384
0.890302
0.897869
0.217032
0.762003
0.764930
0.633391
0.159230
0.733004
0.028981
0.060489
0.453965
0.898612
0.062365
0.221266
0.696961
0.676312
0.212050
0.204597
0.698607
0.975741
0.768072
0.675128
0.529049
0.637780
0.620713
0.339155
0.375830
0.724901
0.217160
0.754650
0.952295
0.406404
0.520548
0.668735
0.129678
0.813774
0.806791
0.510980
0.759859
0.673471
0.959156
0.712088
0.980414
0.057630
0.662928
0.515474
0.003847
0.067474
0.685766
0.097088
0.029162
0.427144
0.971458
0.808597
0.167450
0.325928
0.013139
0.895458
0.598982
0.329745
0.482731
0.185400
0.089454
0.283782
0.079138
0.639559
0.837327
0.394057
0.557042
0.100551
0.231800
0.016219
0.150975
0.149424
0.667076
0.129803
0.673235
0.302689
0.961921
0.069330
0.093108
0.528139
0.398180
0.051206
0.373744
0.887034
0.496268
0.802519
0.387147
0.129471
0.020104
0.729884
0.065165
0.577276
0.818279
0.500596
0.364913
0.317707
0.128112
0.243908
0.525529
0.179429
0.638373
0.742555
0.545625
0.084723
0.495272
0.920802
0.585117
0.392591
0.176397
0.049447
0.857415
0.618228
0.201460
0.759520
0.971500
0.057630
0.064762
0.880460
0.186579
0.016084
0.705064
0.707408
0.926547
0.238444
0.021370
0.301134
0.008525
0.404712
0.636712
0.033130
0.663521
0.123311
0.187369
0.166218
0.909452
0.468616
0.401735
0.008080
0.308884
0.910775
0.147147
0.193091
0.200085
0.117103
0.789100
0.378878
0.790083
0.335087
0.260438
0.085037
0.524055
0.862910
0.974282
0.094764
0.845089
0.046939
0.975892
0.932477
0.523263
0.222496
0.557042
0.372137
0.323343
0.098741
0.858749
0.263755
0.400449
0.896459
0.710685
0.227474
0.845187
0.819113
0.862345
0.154309
0.511653
0.003700
0.373555
0.386083
0.765828
0.039075
0.612079
0.345050
0.638966
0.930643
0.333066
0.810716
0.699430
0.665891
0.971500
0.705533
0.347842
0.729768
0.148212
0.238993
0.215382
0.729074
0.598982
0.516487
0.307969
0.777212
0.434153
0.386470
0.325842
0.974125
0.206303
0.922838
0.495715
0.666247
0.321029
0.631732
0.032308
0.720019
0.973053
0.391225
0.137543
0.087176
0.299910
0.327746
0.295213
0.104124
0.231197
0.136630
0.084666
0.296423
0.223537
0.436123
0.038419
0.099462
0.031689
0.051659
0.365379
0.098578
0.125631
0.358609
0.673590
0.707057
0.476300
0.376971
0.852028
0.812511
0.375925
0.544017
0.354844
0.042710
0.322227
0.022855
0.067986
0.774213
0.653915
0.338711
0.099692
0.049605
0.451211
0.557505
0.249467
0.184282
0.749759
0.058054
0.168275
0.121341
0.801125
0.022736
0.514686
0.716174
0.279735
0.257807
0.457685
0.481202
0.108871
0.614443
0.572490
0.246429
0.825945
0.932139
0.043140
0.096095
0.198599
0.097604
0.579497
0.023925
0.930574
0.730809
0.476083
0.956971
0.597334
0.983074
0.034245
0.777434
0.345859
0.137064
0.525189
0.100187
0.569461
0.947053
0.895039
0.086535
0.661387
0.108728
0.258901
0.086914
0.714307
0.031921
0.772988
0.008758
0.456940
0.804018
0.463777
0.847938
0.455026
0.906221
0.006046
0.783178
0.464636
0.722578
0.089963
0.505721
0.772542
0.587110
0.007700
0.298122
0.759068
0.854828
0.442272
0.576108
0.370722
0.262498
0.808173
0.037327
0.433532
0.669919
0.086681
0.784718
0.155370
0.057390
0.590397
0.267254
0.501819
0.080789
0.716058
0.443528
0.302689
0.081199
0.526436
0.466032
0.707291
0.554383
0.347842
0.161165
0.004474
0.715824
0.237281
0.100319
0.866556
0.222626
0.752378
0.518516
0.129513
0.519758
0.589692
0.080054
0.766838
0.028120
0.017305
0.279039
0.352560
0.802733
0.693665
0.700017
0.408601
0.405807
0.030096
0.625924
0.086101
0.029258
0.127579
0.952015
0.348656
0.035215
0.135120
0.774658
0.965232
0.248192
0.169312
0.397098
0.035833
0.019031
0.088471
0.202903
0.925912
0.943064
0.975552
0.296100
0.070409
0.887639
0.003724
0.031562
0.187935
0.031527
0.000105
0.038157
0.420401
0.026373
0.833901
0.002552
0.220105
0.130927
0.063564
0.287477
0.010041
0.516825
0.371665
0.080789
0.296100
0.010170
0.885123
0.465387
0.001629
0.148864
0.662454
0.333417
0.699312
0.883899
0.115033
0.000343
0.221136
0.070120
0.618465
0.519193
0.079433
0.825637
0.580784
0.811033
0.316351
0.924704
0.879215
0.077728
0.864317
0.024765
0.516487
0.161016
0.996951
0.876798
0.513562
0.501597
0.613970
0.043294
0.646559
0.476083
0.000832
0.279194
0.108409
0.760649
0.033800
0.193265
0.967117
0.807110
0.421317
0.128605
0.048203
0.560168
0.519983
0.983104
0.447203
0.551728
0.151400
0.774213
0.030008
0.356677
0.058237
0.669682
0.662098
0.341558
0.574707
0.827895
0.161665
0.032155
0.171454
0.283547
0.049500
0.708696
0.276268
0.335440
0.032603
0.474129
0.371665
0.000119
0.001341
0.148119
0.001381
0.361567
0.780421
0.011062
0.088501
0.134734
0.797248
0.337029
0.899927
0.888759
0.165248
0.090536
0.531096
0.431259
0.154550
0.731387
0.501819
0.804231
0.559821
0.861591
0.442690
0.371099
0.005947
0.127335
0.124787
0.068103
0.648220
0.492730
0.952127
0.325065
0.232740
0.074316
0.988719
0.079919
0.210493
0.590044
0.474563
0.270712
0.046063
0.685176
0.989848
0.398870
0.017528
0.338978
0.041699
0.178287
0.042695
0.928991
0.223407
0.570742
0.785048
0.515024
0.499929
0.875987
0.592629
0.246289
0.535886
0.031921
0.047039
0.010182
0.818592
0.011609
0.286845
0.048977
0.080598
0.186354
0.140979
0.106509
0.460245
0.175645
0.006962
0.000119
0.170302
0.369405
0.362123
0.738306
0.000043
0.002933
0.313736
0.597923
0.015525
0.282766
0.049745
0.091356
0.005706
0.448889
0.068361
0.681987
0.168741
0.014007
0.756918
0.932409
0.157902
0.008704
0.555538
0.393177
0.381270
0.003457
0.316182
0.010450
0.302033
0.040738
0.799942
0.003471
0.665891
0.752264
0.127539
0.654982
0.150362
0.616453
0.116045
0.268003
0.152730
0.377924
0.816921
0.188673
0.237350
0.001830
0.002072
0.250320
0.113880
0.637424
0.046872
0.459711
0.714774
0.410304
0.931121
0.076316
0.402825
0.597805
0.080625
0.272681
0.519193
0.097281
0.392298
0.401438
0.085266
0.287240
0.427862
0.134820
0.031608
0.097701
0.534174
0.000450
0.006962
0.030866
0.059075
0.515024
0.099890
0.133327
0.972324
0.699665
0.108303
0.940128
0.169832
0.380217
0.265984
0.736925
0.045656
0.809446
0.817130
0.462598
0.821815
0.302279
0.014320
0.203145
0.349561
0.703070
0.817235
0.501819
0.093699
0.561211
0.308634
0.176612
0.788663
0.840229
0.493614
0.041579
0.559357
0.346399
0.654033
0.041253
0.630428
0.322828
0.373365
0.790519
0.807216
0.254619
0.395625
0.392298
0.110808
0.348385
0.071600
0.104638
0.668142
0.520096
0.060932
0.945078
0.552420
0.016262
0.029194
0.542066
0.863286
0.378496
0.478911
0.263089
0.001417
0.760537
0.821297
0.036184
0.355301
0.375355
0.456089
0.256644
0.261982
0.397786
0.120951
0.570043
0.003804
0.030866
0.024229
0.919848
0.568297
0.857224
0.126440
0.697314
0.840429
0.242099
0.594393
0.295374
0.323601
0.312644
0.353746
0.903501
0.170145
0.117483
0.441435
0.103068
0.856459
0.540691
0.056199
0.408701
0.456195
0.915371
0.032014
0.171769
0.720019
0.046080
0.646321
0.373460
0.395232
0.401042
0.517050
0.831264
0.484483
0.490525
0.759294
0.977040
0.209996
0.037018
0.181897
0.956971
0.881964
0.636712
0.968897
0.209006
0.320175
0.561327
0.043263
0.870345
0.644186
0.950543
0.003653
0.615980
0.536114
0.002311
0.520887
0.962215
0.029887
0.444681
0.330006
0.525756
0.473804
0.307720
0.537943
0.773433
0.889017
0.680450
0.001722
0.344691
0.583008
0.032520
0.003804
0.000881
0.196945
0.482513
0.037883
0.091356
0.042209
0.442167
0.427862
0.539889
0.087352
0.856076
0.000021
0.337205
0.267628
0.709749
0.724553
0.098578
0.001379
0.323515
0.131303
0.027648
0.424174
0.001701
0.645728
0.049500
0.169989
0.006698
0.372892
0.683050
0.207590
0.855404
0.353199
0.013194
0.081391
0.000142
0.534059
0.016795
0.033886
0.010560
0.441958
0.000538
0.000014
0.316436
0.992650
0.773879
0.767399
0.348385
0.005715
0.331490
0.365286
0.034083
0.841226
0.504716
0.855308
0.056160
0.031828
0.155080
0.022283
0.034771
0.583945
0.093046
0.008341
0.000550
0.537600
0.269505
0.044326
0.220233
0.007739
0.000051
0.577276
0.390544
0.037408
0.659964
0.159527
0.000881
0.238376
0.638728
0.683050
0.447835
0.107561
0.106056
0.005592
0.738306
0.634577
0.654389
0.012874
0.000119
0.000009
0.486676
0.600514
0.211177
0.845483
0.016744
0.468400
0.264719
0.911627
0.127784
0.348837
0.850961
0.590984
0.169260
0.789319
0.099725
0.091386
0.615507
0.664350
0.002217
0.312560
0.203930
0.238513
0.002449
0.002537
0.020385
0.796491
0.002912
0.242793
0.748276
0.208759
0.802841
0.104295
0.636831
0.101117
0.048598
0.021611
0.686710
0.072190
0.533147
0.502487
0.025266
0.189812
0.186410
0.267030
0.892005
0.889446
0.070409
0.409502
0.007265
0.997217
0.161865
0.856841
0.354203
0.225827
0.311721
0.032866
0.298122
0.231532
0.461849
0.159527
0.021314
0.633036
0.538286
0.003701
0.082054
0.304661
0.017429
0.314072
0.004781
0.209439
0.004860
0.744389
0.124267
0.044484
0.001333
0.933952
0.572490
0.711153
0.538973
0.172033
0.063213
0.401042
0.937761
0.735197
0.598394
0.141380
0.000065
0.752605
0.737270
0.246922
0.291366
0.441958
0.438931
0.157657
0.068408
0.250392
0.465710
0.033689
0.082081
0.316690
0.180742
0.701427
0.416851
0.816293
0.359070
0.673945
0.453859
0.106509
0.699782
0.863473
0.163928
0.301870
0.413822
0.047357
0.392396
0.727684
0.070747
0.223081
0.054150
0.287240
0.000032
0.149705
0.000531
0.398870
0.324892
0.307223
0.117559
0.582657
0.555770
0.589223
0.777766
0.281909
0.558894
0.224124
0.021314
0.041624
0.062300
0.427862
0.003900
0.008663
0.025548
0.003262
0.240646
0.149705
0.159527
0.006690
0.229795
0.000110
0.118131
0.119090
0.001408
0.182063
0.080136
0.022224
0.451634
0.590044
0.648694
0.575057
0.645491
0.458644
0.273441
0.750214
0.435916
0.647982
0.530869
0.747705
0.004897
0.025341
0.170041
0.017522
0.013579
0.347391
0.065889
0.162366
0.132396
0.339333
0.861025
0.654270
0.485908
0.522470
0.006578
0.013114
0.307057
0.306312
0.586993
0.121969
0.510980
0.476409
0.049412
0.271771
0.321457
0.987635
0.924561
0.575874
0.532691
0.761778
0.116121
0.850572
0.015698
0.803269
0.059343
0.590632
0.516600
0.120405
0.110808
0.272681
0.205632
0.224124
