0.172081
0.144783
0.164958
0.119574
0.044476
0.014330
0.007180
0.014667
0.107151
0.056697
0.010757
0.015975
0.039780
0.049602
0.109965
0.241048
0.299390
0.400720
0.582123
0.533271
0.660303
0.587176
0.310393
0.105268
0.024654
0.035723
0.066251
0.407487
0.908952
0.681290
0.590801
0.754948
0.883454
0.865164
0.874394
0.989546
0.960413
0.791623
0.914620
0.989060
0.921507
0.986286
0.669302
0.164041
0.050518
0.891478
0.722989
0.457874
0.104297
0.021210
0.011410
0.013909
0.025291
0.050250
0.240044
0.225187
0.228614
0.333351
0.669819
0.987352
0.625786
0.424246
0.367204
0.304164
0.265338
0.470220
0.686045
0.726710
0.954621
0.825083
0.708701
0.894797
0.847168
0.825721
0.722749
0.368145
0.151498
0.079975
0.170837
0.919780
0.449713
0.522431
0.453412
0.538280
0.552928
0.408260
0.374397
0.357979
0.525066
0.767115
0.101003
0.147446
0.229085
0.234321
0.104130
0.056447
0.174266
0.198027
0.081949
0.750108
0.854104
0.614257
0.541091
0.487581
0.395602
0.203846
0.133817
0.134289
0.000000
0.000000
0.000000
0.000000
0.000000
0.000000
0.000000
0.000000
0.000000
0.000000
0.000000
0.000000
0.000000
0.000000
0.000000
0.000000
0.000000
0.000000
0.513436
0.550075
0.975993
0.523521
0.587472
0.598689
0.593513
0.668608
0.328814
0.415785
0.608942
0.496934
0.511727
0.515044
0.512929
0.369311
0.230153
0.229468
0.141563
0.124932
0.106223
0.138931
0.257068
0.414639
0.624686
0.412589
0.407763
0.496499
0.851059
0.853143
0.982169
0.952848
0.823645
0.749119
0.636002
0.600653
0.789512
0.740961
0.473725
0.290732
0.277628
0.721411
0.680444
0.668681
0.946274
0.857391
0.845764
0.951939
0.912118
0.816455
0.876215
0.985089
0.785173
0.785321
