0.558093
0.486581
0.351200
0.370368
0.008147
0.320088
0.607791
0.452624
0.936955
0.984947
0.560691
0.323052
0.808541
0.151159
0.010659
0.575053
0.966412
0.833953
0.553207
0.114563
0.694931
0.766008
0.248371
0.861299
0.359943
0.427132
0.673212
0.532893
0.196375
0.040449
0.306105
0.454370
0.682906
0.304269
0.395243
0.893805
0.473789
0.573778
0.776991
0.302629
0.345669
0.341631
0.216867
0.092099
0.353704
0.478313
0.597213
0.081436
0.399533
0.357602
0.950081
0.646824
0.361337
0.680425
0.584629
0.672287
0.269283
0.788233
0.791402
0.581176
0.321248
0.132998
0.491856
0.893462
0.279870
0.602256
0.652416
0.192517
0.181878
0.273201
0.836511
0.296183
0.952350
0.631371
0.536436
0.173706
0.662411
0.429571
0.063741
0.985672
