0.000000
0.000000
0.000000
0.000000
0.000000
0.000000
0.000000
0.000000
0.073783
0.124256
0.125092
0.380321
0.398489
0.930017
0.610221
0.585933
0.754089
0.201535
0.974657
0.481299
0.119690
0.891843
0.727850
0.258945
0.047378
0.256437
0.377163
0.565244
0.023146
0.039363
0.023228
0.153461
0.700118
0.353430
0.561751
0.238261
0.761067
0.880002
0.896671
0.854466
0.869390
0.636393
0.615125
0.794607
0.482175
0.124249
0.974690
0.897034
0.260246
0.851127
0.542466
0.332953
0.865422
0.718688
0.178309
0.713008
0.000000
0.000000
0.000000
0.000000
0.000000
0.000000
0.000000
0.000000
0.527234
0.685284
0.735629
0.884553
0.535197
0.246387
0.135321
0.959040
0.654844
0.906183
0.910601
0.602412
0.170586
0.256210
0.457772
0.470997
